(-1 +42 +35 -34 +21 -44 +115 -32 +50 -99 -70 +90 -10 +16 -105 +78 -121 +111 -73 +26 +103 -48 +17 +22 -61 +31 +8 -49 -106 -24 -113 +102 -71 +19 -57 -59 -58 -67 +7 -119 -11 -85 +20 -9 +74 -18 -2 +69 -13 +79 -27 -23 +117 +76 -3 +6 -118 +83 -80 -12 +96 +60 -89 -33 -123 -84 +122 -87 -77 +68 +114 +54 -51 +28 -81 +101 -120 -112 -53 +92 -4 -15 -56 -55 +100 -82 +45 -97 -52 -47 +88 +86 -46 -25 -116 +93 -40 -110 -107 +5 -94 -62 +41 -66 -91 -72 -75 -104 -43 -109 +14 +98 -124 -63 +65 -95 +29 -64 +39 -36 +108 +37 -38 -30)
(+1 +42 +35 -34 +21 -44 +115 -32 +50 -99 -70 +90 -10 +16 -105 +78 -121 +111 -73 +26 +103 -48 +17 +22 -61 +31 +8 -49 -106 -24 -113 +102 -71 +19 -57 -59 -58 -67 +7 -119 -11 -85 +20 -9 +74 -18 -2 +69 -13 +79 -27 -23 +117 +76 -3 +6 -118 +83 -80 -12 +96 +60 -89 -33 -123 -84 +122 -87 -77 +68 +114 +54 -51 +28 -81 +101 -120 -112 -53 +92 -4 -15 -56 -55 +100 -82 +45 -97 -52 -47 +88 +86 -46 -25 -116 +93 -40 -110 -107 +5 -94 -62 +41 -66 -91 -72 -75 -104 -43 -109 +14 +98 -124 -63 +65 -95 +29 -64 +39 -36 +108 +37 -38 -30)
(+1 +2 +18 -74 +9 -20 +85 +11 +119 -7 +67 +58 +59 +57 -19 +71 -102 +113 +24 +106 +49 -8 -31 +61 -22 -17 +48 -103 -26 +73 -111 +121 -78 +105 -16 +10 -90 +70 +99 -50 +32 -115 +44 -21 +34 -35 -42 +69 -13 +79 -27 -23 +117 +76 -3 +6 -118 +83 -80 -12 +96 +60 -89 -33 -123 -84 +122 -87 -77 +68 +114 +54 -51 +28 -81 +101 -120 -112 -53 +92 -4 -15 -56 -55 +100 -82 +45 -97 -52 -47 +88 +86 -46 -25 -116 +93 -40 -110 -107 +5 -94 -62 +41 -66 -91 -72 -75 -104 -43 -109 +14 +98 -124 -63 +65 -95 +29 -64 +39 -36 +108 +37 -38 -30)
(+1 +2 +3 -76 -117 +23 +27 -79 +13 -69 +42 +35 -34 +21 -44 +115 -32 +50 -99 -70 +90 -10 +16 -105 +78 -121 +111 -73 +26 +103 -48 +17 +22 -61 +31 +8 -49 -106 -24 -113 +102 -71 +19 -57 -59 -58 -67 +7 -119 -11 -85 +20 -9 +74 -18 +6 -118 +83 -80 -12 +96 +60 -89 -33 -123 -84 +122 -87 -77 +68 +114 +54 -51 +28 -81 +101 -120 -112 -53 +92 -4 -15 -56 -55 +100 -82 +45 -97 -52 -47 +88 +86 -46 -25 -116 +93 -40 -110 -107 +5 -94 -62 +41 -66 -91 -72 -75 -104 -43 -109 +14 +98 -124 -63 +65 -95 +29 -64 +39 -36 +108 +37 -38 -30)
(+1 +2 +3 +4 -92 +53 +112 +120 -101 +81 -28 +51 -54 -114 -68 +77 +87 -122 +84 +123 +33 +89 -60 -96 +12 +80 -83 +118 -6 +18 -74 +9 -20 +85 +11 +119 -7 +67 +58 +59 +57 -19 +71 -102 +113 +24 +106 +49 -8 -31 +61 -22 -17 +48 -103 -26 +73 -111 +121 -78 +105 -16 +10 -90 +70 +99 -50 +32 -115 +44 -21 +34 -35 -42 +69 -13 +79 -27 -23 +117 +76 -15 -56 -55 +100 -82 +45 -97 -52 -47 +88 +86 -46 -25 -116 +93 -40 -110 -107 +5 -94 -62 +41 -66 -91 -72 -75 -104 -43 -109 +14 +98 -124 -63 +65 -95 +29 -64 +39 -36 +108 +37 -38 -30)
(+1 +2 +3 +4 -5 +107 +110 +40 -93 +116 +25 +46 -86 -88 +47 +52 +97 -45 +82 -100 +55 +56 +15 -76 -117 +23 +27 -79 +13 -69 +42 +35 -34 +21 -44 +115 -32 +50 -99 -70 +90 -10 +16 -105 +78 -121 +111 -73 +26 +103 -48 +17 +22 -61 +31 +8 -49 -106 -24 -113 +102 -71 +19 -57 -59 -58 -67 +7 -119 -11 -85 +20 -9 +74 -18 +6 -118 +83 -80 -12 +96 +60 -89 -33 -123 -84 +122 -87 -77 +68 +114 +54 -51 +28 -81 +101 -120 -112 -53 +92 -94 -62 +41 -66 -91 -72 -75 -104 -43 -109 +14 +98 -124 -63 +65 -95 +29 -64 +39 -36 +108 +37 -38 -30)
(+1 +2 +3 +4 +5 +107 +110 +40 -93 +116 +25 +46 -86 -88 +47 +52 +97 -45 +82 -100 +55 +56 +15 -76 -117 +23 +27 -79 +13 -69 +42 +35 -34 +21 -44 +115 -32 +50 -99 -70 +90 -10 +16 -105 +78 -121 +111 -73 +26 +103 -48 +17 +22 -61 +31 +8 -49 -106 -24 -113 +102 -71 +19 -57 -59 -58 -67 +7 -119 -11 -85 +20 -9 +74 -18 +6 -118 +83 -80 -12 +96 +60 -89 -33 -123 -84 +122 -87 -77 +68 +114 +54 -51 +28 -81 +101 -120 -112 -53 +92 -94 -62 +41 -66 -91 -72 -75 -104 -43 -109 +14 +98 -124 -63 +65 -95 +29 -64 +39 -36 +108 +37 -38 -30)
(+1 +2 +3 +4 +5 -6 +18 -74 +9 -20 +85 +11 +119 -7 +67 +58 +59 +57 -19 +71 -102 +113 +24 +106 +49 -8 -31 +61 -22 -17 +48 -103 -26 +73 -111 +121 -78 +105 -16 +10 -90 +70 +99 -50 +32 -115 +44 -21 +34 -35 -42 +69 -13 +79 -27 -23 +117 +76 -15 -56 -55 +100 -82 +45 -97 -52 -47 +88 +86 -46 -25 -116 +93 -40 -110 -107 -118 +83 -80 -12 +96 +60 -89 -33 -123 -84 +122 -87 -77 +68 +114 +54 -51 +28 -81 +101 -120 -112 -53 +92 -94 -62 +41 -66 -91 -72 -75 -104 -43 -109 +14 +98 -124 -63 +65 -95 +29 -64 +39 -36 +108 +37 -38 -30)
(+1 +2 +3 +4 +5 +6 +18 -74 +9 -20 +85 +11 +119 -7 +67 +58 +59 +57 -19 +71 -102 +113 +24 +106 +49 -8 -31 +61 -22 -17 +48 -103 -26 +73 -111 +121 -78 +105 -16 +10 -90 +70 +99 -50 +32 -115 +44 -21 +34 -35 -42 +69 -13 +79 -27 -23 +117 +76 -15 -56 -55 +100 -82 +45 -97 -52 -47 +88 +86 -46 -25 -116 +93 -40 -110 -107 -118 +83 -80 -12 +96 +60 -89 -33 -123 -84 +122 -87 -77 +68 +114 +54 -51 +28 -81 +101 -120 -112 -53 +92 -94 -62 +41 -66 -91 -72 -75 -104 -43 -109 +14 +98 -124 -63 +65 -95 +29 -64 +39 -36 +108 +37 -38 -30)
(+1 +2 +3 +4 +5 +6 +7 -119 -11 -85 +20 -9 +74 -18 +67 +58 +59 +57 -19 +71 -102 +113 +24 +106 +49 -8 -31 +61 -22 -17 +48 -103 -26 +73 -111 +121 -78 +105 -16 +10 -90 +70 +99 -50 +32 -115 +44 -21 +34 -35 -42 +69 -13 +79 -27 -23 +117 +76 -15 -56 -55 +100 -82 +45 -97 -52 -47 +88 +86 -46 -25 -116 +93 -40 -110 -107 -118 +83 -80 -12 +96 +60 -89 -33 -123 -84 +122 -87 -77 +68 +114 +54 -51 +28 -81 +101 -120 -112 -53 +92 -94 -62 +41 -66 -91 -72 -75 -104 -43 -109 +14 +98 -124 -63 +65 -95 +29 -64 +39 -36 +108 +37 -38 -30)
(+1 +2 +3 +4 +5 +6 +7 +8 -49 -106 -24 -113 +102 -71 +19 -57 -59 -58 -67 +18 -74 +9 -20 +85 +11 +119 -31 +61 -22 -17 +48 -103 -26 +73 -111 +121 -78 +105 -16 +10 -90 +70 +99 -50 +32 -115 +44 -21 +34 -35 -42 +69 -13 +79 -27 -23 +117 +76 -15 -56 -55 +100 -82 +45 -97 -52 -47 +88 +86 -46 -25 -116 +93 -40 -110 -107 -118 +83 -80 -12 +96 +60 -89 -33 -123 -84 +122 -87 -77 +68 +114 +54 -51 +28 -81 +101 -120 -112 -53 +92 -94 -62 +41 -66 -91 -72 -75 -104 -43 -109 +14 +98 -124 -63 +65 -95 +29 -64 +39 -36 +108 +37 -38 -30)
(+1 +2 +3 +4 +5 +6 +7 +8 -9 +74 -18 +67 +58 +59 +57 -19 +71 -102 +113 +24 +106 +49 -20 +85 +11 +119 -31 +61 -22 -17 +48 -103 -26 +73 -111 +121 -78 +105 -16 +10 -90 +70 +99 -50 +32 -115 +44 -21 +34 -35 -42 +69 -13 +79 -27 -23 +117 +76 -15 -56 -55 +100 -82 +45 -97 -52 -47 +88 +86 -46 -25 -116 +93 -40 -110 -107 -118 +83 -80 -12 +96 +60 -89 -33 -123 -84 +122 -87 -77 +68 +114 +54 -51 +28 -81 +101 -120 -112 -53 +92 -94 -62 +41 -66 -91 -72 -75 -104 -43 -109 +14 +98 -124 -63 +65 -95 +29 -64 +39 -36 +108 +37 -38 -30)
(+1 +2 +3 +4 +5 +6 +7 +8 +9 +74 -18 +67 +58 +59 +57 -19 +71 -102 +113 +24 +106 +49 -20 +85 +11 +119 -31 +61 -22 -17 +48 -103 -26 +73 -111 +121 -78 +105 -16 +10 -90 +70 +99 -50 +32 -115 +44 -21 +34 -35 -42 +69 -13 +79 -27 -23 +117 +76 -15 -56 -55 +100 -82 +45 -97 -52 -47 +88 +86 -46 -25 -116 +93 -40 -110 -107 -118 +83 -80 -12 +96 +60 -89 -33 -123 -84 +122 -87 -77 +68 +114 +54 -51 +28 -81 +101 -120 -112 -53 +92 -94 -62 +41 -66 -91 -72 -75 -104 -43 -109 +14 +98 -124 -63 +65 -95 +29 -64 +39 -36 +108 +37 -38 -30)
(+1 +2 +3 +4 +5 +6 +7 +8 +9 -10 +16 -105 +78 -121 +111 -73 +26 +103 -48 +17 +22 -61 +31 -119 -11 -85 +20 -49 -106 -24 -113 +102 -71 +19 -57 -59 -58 -67 +18 -74 -90 +70 +99 -50 +32 -115 +44 -21 +34 -35 -42 +69 -13 +79 -27 -23 +117 +76 -15 -56 -55 +100 -82 +45 -97 -52 -47 +88 +86 -46 -25 -116 +93 -40 -110 -107 -118 +83 -80 -12 +96 +60 -89 -33 -123 -84 +122 -87 -77 +68 +114 +54 -51 +28 -81 +101 -120 -112 -53 +92 -94 -62 +41 -66 -91 -72 -75 -104 -43 -109 +14 +98 -124 -63 +65 -95 +29 -64 +39 -36 +108 +37 -38 -30)
(+1 +2 +3 +4 +5 +6 +7 +8 +9 +10 +16 -105 +78 -121 +111 -73 +26 +103 -48 +17 +22 -61 +31 -119 -11 -85 +20 -49 -106 -24 -113 +102 -71 +19 -57 -59 -58 -67 +18 -74 -90 +70 +99 -50 +32 -115 +44 -21 +34 -35 -42 +69 -13 +79 -27 -23 +117 +76 -15 -56 -55 +100 -82 +45 -97 -52 -47 +88 +86 -46 -25 -116 +93 -40 -110 -107 -118 +83 -80 -12 +96 +60 -89 -33 -123 -84 +122 -87 -77 +68 +114 +54 -51 +28 -81 +101 -120 -112 -53 +92 -94 -62 +41 -66 -91 -72 -75 -104 -43 -109 +14 +98 -124 -63 +65 -95 +29 -64 +39 -36 +108 +37 -38 -30)
(+1 +2 +3 +4 +5 +6 +7 +8 +9 +10 +11 +119 -31 +61 -22 -17 +48 -103 -26 +73 -111 +121 -78 +105 -16 -85 +20 -49 -106 -24 -113 +102 -71 +19 -57 -59 -58 -67 +18 -74 -90 +70 +99 -50 +32 -115 +44 -21 +34 -35 -42 +69 -13 +79 -27 -23 +117 +76 -15 -56 -55 +100 -82 +45 -97 -52 -47 +88 +86 -46 -25 -116 +93 -40 -110 -107 -118 +83 -80 -12 +96 +60 -89 -33 -123 -84 +122 -87 -77 +68 +114 +54 -51 +28 -81 +101 -120 -112 -53 +92 -94 -62 +41 -66 -91 -72 -75 -104 -43 -109 +14 +98 -124 -63 +65 -95 +29 -64 +39 -36 +108 +37 -38 -30)
(+1 +2 +3 +4 +5 +6 +7 +8 +9 +10 +11 +12 +80 -83 +118 +107 +110 +40 -93 +116 +25 +46 -86 -88 +47 +52 +97 -45 +82 -100 +55 +56 +15 -76 -117 +23 +27 -79 +13 -69 +42 +35 -34 +21 -44 +115 -32 +50 -99 -70 +90 +74 -18 +67 +58 +59 +57 -19 +71 -102 +113 +24 +106 +49 -20 +85 +16 -105 +78 -121 +111 -73 +26 +103 -48 +17 +22 -61 +31 -119 +96 +60 -89 -33 -123 -84 +122 -87 -77 +68 +114 +54 -51 +28 -81 +101 -120 -112 -53 +92 -94 -62 +41 -66 -91 -72 -75 -104 -43 -109 +14 +98 -124 -63 +65 -95 +29 -64 +39 -36 +108 +37 -38 -30)
(+1 +2 +3 +4 +5 +6 +7 +8 +9 +10 +11 +12 -13 +79 -27 -23 +117 +76 -15 -56 -55 +100 -82 +45 -97 -52 -47 +88 +86 -46 -25 -116 +93 -40 -110 -107 -118 +83 -80 -69 +42 +35 -34 +21 -44 +115 -32 +50 -99 -70 +90 +74 -18 +67 +58 +59 +57 -19 +71 -102 +113 +24 +106 +49 -20 +85 +16 -105 +78 -121 +111 -73 +26 +103 -48 +17 +22 -61 +31 -119 +96 +60 -89 -33 -123 -84 +122 -87 -77 +68 +114 +54 -51 +28 -81 +101 -120 -112 -53 +92 -94 -62 +41 -66 -91 -72 -75 -104 -43 -109 +14 +98 -124 -63 +65 -95 +29 -64 +39 -36 +108 +37 -38 -30)
(+1 +2 +3 +4 +5 +6 +7 +8 +9 +10 +11 +12 +13 +79 -27 -23 +117 +76 -15 -56 -55 +100 -82 +45 -97 -52 -47 +88 +86 -46 -25 -116 +93 -40 -110 -107 -118 +83 -80 -69 +42 +35 -34 +21 -44 +115 -32 +50 -99 -70 +90 +74 -18 +67 +58 +59 +57 -19 +71 -102 +113 +24 +106 +49 -20 +85 +16 -105 +78 -121 +111 -73 +26 +103 -48 +17 +22 -61 +31 -119 +96 +60 -89 -33 -123 -84 +122 -87 -77 +68 +114 +54 -51 +28 -81 +101 -120 -112 -53 +92 -94 -62 +41 -66 -91 -72 -75 -104 -43 -109 +14 +98 -124 -63 +65 -95 +29 -64 +39 -36 +108 +37 -38 -30)
(+1 +2 +3 +4 +5 +6 +7 +8 +9 +10 +11 +12 +13 -14 +109 +43 +104 +75 +72 +91 +66 -41 +62 +94 -92 +53 +112 +120 -101 +81 -28 +51 -54 -114 -68 +77 +87 -122 +84 +123 +33 +89 -60 -96 +119 -31 +61 -22 -17 +48 -103 -26 +73 -111 +121 -78 +105 -16 -85 +20 -49 -106 -24 -113 +102 -71 +19 -57 -59 -58 -67 +18 -74 -90 +70 +99 -50 +32 -115 +44 -21 +34 -35 -42 +69 +80 -83 +118 +107 +110 +40 -93 +116 +25 +46 -86 -88 +47 +52 +97 -45 +82 -100 +55 +56 +15 -76 -117 +23 +27 -79 +98 -124 -63 +65 -95 +29 -64 +39 -36 +108 +37 -38 -30)
(+1 +2 +3 +4 +5 +6 +7 +8 +9 +10 +11 +12 +13 +14 +109 +43 +104 +75 +72 +91 +66 -41 +62 +94 -92 +53 +112 +120 -101 +81 -28 +51 -54 -114 -68 +77 +87 -122 +84 +123 +33 +89 -60 -96 +119 -31 +61 -22 -17 +48 -103 -26 +73 -111 +121 -78 +105 -16 -85 +20 -49 -106 -24 -113 +102 -71 +19 -57 -59 -58 -67 +18 -74 -90 +70 +99 -50 +32 -115 +44 -21 +34 -35 -42 +69 +80 -83 +118 +107 +110 +40 -93 +116 +25 +46 -86 -88 +47 +52 +97 -45 +82 -100 +55 +56 +15 -76 -117 +23 +27 -79 +98 -124 -63 +65 -95 +29 -64 +39 -36 +108 +37 -38 -30)
(+1 +2 +3 +4 +5 +6 +7 +8 +9 +10 +11 +12 +13 +14 -15 -56 -55 +100 -82 +45 -97 -52 -47 +88 +86 -46 -25 -116 +93 -40 -110 -107 -118 +83 -80 -69 +42 +35 -34 +21 -44 +115 -32 +50 -99 -70 +90 +74 -18 +67 +58 +59 +57 -19 +71 -102 +113 +24 +106 +49 -20 +85 +16 -105 +78 -121 +111 -73 +26 +103 -48 +17 +22 -61 +31 -119 +96 +60 -89 -33 -123 -84 +122 -87 -77 +68 +114 +54 -51 +28 -81 +101 -120 -112 -53 +92 -94 -62 +41 -66 -91 -72 -75 -104 -43 -109 -76 -117 +23 +27 -79 +98 -124 -63 +65 -95 +29 -64 +39 -36 +108 +37 -38 -30)
(+1 +2 +3 +4 +5 +6 +7 +8 +9 +10 +11 +12 +13 +14 +15 -56 -55 +100 -82 +45 -97 -52 -47 +88 +86 -46 -25 -116 +93 -40 -110 -107 -118 +83 -80 -69 +42 +35 -34 +21 -44 +115 -32 +50 -99 -70 +90 +74 -18 +67 +58 +59 +57 -19 +71 -102 +113 +24 +106 +49 -20 +85 +16 -105 +78 -121 +111 -73 +26 +103 -48 +17 +22 -61 +31 -119 +96 +60 -89 -33 -123 -84 +122 -87 -77 +68 +114 +54 -51 +28 -81 +101 -120 -112 -53 +92 -94 -62 +41 -66 -91 -72 -75 -104 -43 -109 -76 -117 +23 +27 -79 +98 -124 -63 +65 -95 +29 -64 +39 -36 +108 +37 -38 -30)
(+1 +2 +3 +4 +5 +6 +7 +8 +9 +10 +11 +12 +13 +14 +15 -16 -85 +20 -49 -106 -24 -113 +102 -71 +19 -57 -59 -58 -67 +18 -74 -90 +70 +99 -50 +32 -115 +44 -21 +34 -35 -42 +69 +80 -83 +118 +107 +110 +40 -93 +116 +25 +46 -86 -88 +47 +52 +97 -45 +82 -100 +55 +56 -105 +78 -121 +111 -73 +26 +103 -48 +17 +22 -61 +31 -119 +96 +60 -89 -33 -123 -84 +122 -87 -77 +68 +114 +54 -51 +28 -81 +101 -120 -112 -53 +92 -94 -62 +41 -66 -91 -72 -75 -104 -43 -109 -76 -117 +23 +27 -79 +98 -124 -63 +65 -95 +29 -64 +39 -36 +108 +37 -38 -30)
(+1 +2 +3 +4 +5 +6 +7 +8 +9 +10 +11 +12 +13 +14 +15 +16 -85 +20 -49 -106 -24 -113 +102 -71 +19 -57 -59 -58 -67 +18 -74 -90 +70 +99 -50 +32 -115 +44 -21 +34 -35 -42 +69 +80 -83 +118 +107 +110 +40 -93 +116 +25 +46 -86 -88 +47 +52 +97 -45 +82 -100 +55 +56 -105 +78 -121 +111 -73 +26 +103 -48 +17 +22 -61 +31 -119 +96 +60 -89 -33 -123 -84 +122 -87 -77 +68 +114 +54 -51 +28 -81 +101 -120 -112 -53 +92 -94 -62 +41 -66 -91 -72 -75 -104 -43 -109 -76 -117 +23 +27 -79 +98 -124 -63 +65 -95 +29 -64 +39 -36 +108 +37 -38 -30)
(+1 +2 +3 +4 +5 +6 +7 +8 +9 +10 +11 +12 +13 +14 +15 +16 -17 +48 -103 -26 +73 -111 +121 -78 +105 -56 -55 +100 -82 +45 -97 -52 -47 +88 +86 -46 -25 -116 +93 -40 -110 -107 -118 +83 -80 -69 +42 +35 -34 +21 -44 +115 -32 +50 -99 -70 +90 +74 -18 +67 +58 +59 +57 -19 +71 -102 +113 +24 +106 +49 -20 +85 +22 -61 +31 -119 +96 +60 -89 -33 -123 -84 +122 -87 -77 +68 +114 +54 -51 +28 -81 +101 -120 -112 -53 +92 -94 -62 +41 -66 -91 -72 -75 -104 -43 -109 -76 -117 +23 +27 -79 +98 -124 -63 +65 -95 +29 -64 +39 -36 +108 +37 -38 -30)
(+1 +2 +3 +4 +5 +6 +7 +8 +9 +10 +11 +12 +13 +14 +15 +16 +17 +48 -103 -26 +73 -111 +121 -78 +105 -56 -55 +100 -82 +45 -97 -52 -47 +88 +86 -46 -25 -116 +93 -40 -110 -107 -118 +83 -80 -69 +42 +35 -34 +21 -44 +115 -32 +50 -99 -70 +90 +74 -18 +67 +58 +59 +57 -19 +71 -102 +113 +24 +106 +49 -20 +85 +22 -61 +31 -119 +96 +60 -89 -33 -123 -84 +122 -87 -77 +68 +114 +54 -51 +28 -81 +101 -120 -112 -53 +92 -94 -62 +41 -66 -91 -72 -75 -104 -43 -109 -76 -117 +23 +27 -79 +98 -124 -63 +65 -95 +29 -64 +39 -36 +108 +37 -38 -30)
(+1 +2 +3 +4 +5 +6 +7 +8 +9 +10 +11 +12 +13 +14 +15 +16 +17 +18 -74 -90 +70 +99 -50 +32 -115 +44 -21 +34 -35 -42 +69 +80 -83 +118 +107 +110 +40 -93 +116 +25 +46 -86 -88 +47 +52 +97 -45 +82 -100 +55 +56 -105 +78 -121 +111 -73 +26 +103 -48 +67 +58 +59 +57 -19 +71 -102 +113 +24 +106 +49 -20 +85 +22 -61 +31 -119 +96 +60 -89 -33 -123 -84 +122 -87 -77 +68 +114 +54 -51 +28 -81 +101 -120 -112 -53 +92 -94 -62 +41 -66 -91 -72 -75 -104 -43 -109 -76 -117 +23 +27 -79 +98 -124 -63 +65 -95 +29 -64 +39 -36 +108 +37 -38 -30)
(+1 +2 +3 +4 +5 +6 +7 +8 +9 +10 +11 +12 +13 +14 +15 +16 +17 +18 +19 -57 -59 -58 -67 +48 -103 -26 +73 -111 +121 -78 +105 -56 -55 +100 -82 +45 -97 -52 -47 +88 +86 -46 -25 -116 +93 -40 -110 -107 -118 +83 -80 -69 +42 +35 -34 +21 -44 +115 -32 +50 -99 -70 +90 +74 +71 -102 +113 +24 +106 +49 -20 +85 +22 -61 +31 -119 +96 +60 -89 -33 -123 -84 +122 -87 -77 +68 +114 +54 -51 +28 -81 +101 -120 -112 -53 +92 -94 -62 +41 -66 -91 -72 -75 -104 -43 -109 -76 -117 +23 +27 -79 +98 -124 -63 +65 -95 +29 -64 +39 -36 +108 +37 -38 -30)
(+1 +2 +3 +4 +5 +6 +7 +8 +9 +10 +11 +12 +13 +14 +15 +16 +17 +18 +19 +20 -49 -106 -24 -113 +102 -71 -74 -90 +70 +99 -50 +32 -115 +44 -21 +34 -35 -42 +69 +80 -83 +118 +107 +110 +40 -93 +116 +25 +46 -86 -88 +47 +52 +97 -45 +82 -100 +55 +56 -105 +78 -121 +111 -73 +26 +103 -48 +67 +58 +59 +57 +85 +22 -61 +31 -119 +96 +60 -89 -33 -123 -84 +122 -87 -77 +68 +114 +54 -51 +28 -81 +101 -120 -112 -53 +92 -94 -62 +41 -66 -91 -72 -75 -104 -43 -109 -76 -117 +23 +27 -79 +98 -124 -63 +65 -95 +29 -64 +39 -36 +108 +37 -38 -30)
(+1 +2 +3 +4 +5 +6 +7 +8 +9 +10 +11 +12 +13 +14 +15 +16 +17 +18 +19 +20 +21 -44 +115 -32 +50 -99 -70 +90 +74 +71 -102 +113 +24 +106 +49 +34 -35 -42 +69 +80 -83 +118 +107 +110 +40 -93 +116 +25 +46 -86 -88 +47 +52 +97 -45 +82 -100 +55 +56 -105 +78 -121 +111 -73 +26 +103 -48 +67 +58 +59 +57 +85 +22 -61 +31 -119 +96 +60 -89 -33 -123 -84 +122 -87 -77 +68 +114 +54 -51 +28 -81 +101 -120 -112 -53 +92 -94 -62 +41 -66 -91 -72 -75 -104 -43 -109 -76 -117 +23 +27 -79 +98 -124 -63 +65 -95 +29 -64 +39 -36 +108 +37 -38 -30)
(+1 +2 +3 +4 +5 +6 +7 +8 +9 +10 +11 +12 +13 +14 +15 +16 +17 +18 +19 +20 +21 -22 -85 -57 -59 -58 -67 +48 -103 -26 +73 -111 +121 -78 +105 -56 -55 +100 -82 +45 -97 -52 -47 +88 +86 -46 -25 -116 +93 -40 -110 -107 -118 +83 -80 -69 +42 +35 -34 -49 -106 -24 -113 +102 -71 -74 -90 +70 +99 -50 +32 -115 +44 -61 +31 -119 +96 +60 -89 -33 -123 -84 +122 -87 -77 +68 +114 +54 -51 +28 -81 +101 -120 -112 -53 +92 -94 -62 +41 -66 -91 -72 -75 -104 -43 -109 -76 -117 +23 +27 -79 +98 -124 -63 +65 -95 +29 -64 +39 -36 +108 +37 -38 -30)
(+1 +2 +3 +4 +5 +6 +7 +8 +9 +10 +11 +12 +13 +14 +15 +16 +17 +18 +19 +20 +21 +22 -85 -57 -59 -58 -67 +48 -103 -26 +73 -111 +121 -78 +105 -56 -55 +100 -82 +45 -97 -52 -47 +88 +86 -46 -25 -116 +93 -40 -110 -107 -118 +83 -80 -69 +42 +35 -34 -49 -106 -24 -113 +102 -71 -74 -90 +70 +99 -50 +32 -115 +44 -61 +31 -119 +96 +60 -89 -33 -123 -84 +122 -87 -77 +68 +114 +54 -51 +28 -81 +101 -120 -112 -53 +92 -94 -62 +41 -66 -91 -72 -75 -104 -43 -109 -76 -117 +23 +27 -79 +98 -124 -63 +65 -95 +29 -64 +39 -36 +108 +37 -38 -30)
(+1 +2 +3 +4 +5 +6 +7 +8 +9 +10 +11 +12 +13 +14 +15 +16 +17 +18 +19 +20 +21 +22 -23 +117 +76 +109 +43 +104 +75 +72 +91 +66 -41 +62 +94 -92 +53 +112 +120 -101 +81 -28 +51 -54 -114 -68 +77 +87 -122 +84 +123 +33 +89 -60 -96 +119 -31 +61 -44 +115 -32 +50 -99 -70 +90 +74 +71 -102 +113 +24 +106 +49 +34 -35 -42 +69 +80 -83 +118 +107 +110 +40 -93 +116 +25 +46 -86 -88 +47 +52 +97 -45 +82 -100 +55 +56 -105 +78 -121 +111 -73 +26 +103 -48 +67 +58 +59 +57 +85 +27 -79 +98 -124 -63 +65 -95 +29 -64 +39 -36 +108 +37 -38 -30)
(+1 +2 +3 +4 +5 +6 +7 +8 +9 +10 +11 +12 +13 +14 +15 +16 +17 +18 +19 +20 +21 +22 +23 +117 +76 +109 +43 +104 +75 +72 +91 +66 -41 +62 +94 -92 +53 +112 +120 -101 +81 -28 +51 -54 -114 -68 +77 +87 -122 +84 +123 +33 +89 -60 -96 +119 -31 +61 -44 +115 -32 +50 -99 -70 +90 +74 +71 -102 +113 +24 +106 +49 +34 -35 -42 +69 +80 -83 +118 +107 +110 +40 -93 +116 +25 +46 -86 -88 +47 +52 +97 -45 +82 -100 +55 +56 -105 +78 -121 +111 -73 +26 +103 -48 +67 +58 +59 +57 +85 +27 -79 +98 -124 -63 +65 -95 +29 -64 +39 -36 +108 +37 -38 -30)
(+1 +2 +3 +4 +5 +6 +7 +8 +9 +10 +11 +12 +13 +14 +15 +16 +17 +18 +19 +20 +21 +22 +23 -24 -113 +102 -71 -74 -90 +70 +99 -50 +32 -115 +44 -61 +31 -119 +96 +60 -89 -33 -123 -84 +122 -87 -77 +68 +114 +54 -51 +28 -81 +101 -120 -112 -53 +92 -94 -62 +41 -66 -91 -72 -75 -104 -43 -109 -76 -117 +106 +49 +34 -35 -42 +69 +80 -83 +118 +107 +110 +40 -93 +116 +25 +46 -86 -88 +47 +52 +97 -45 +82 -100 +55 +56 -105 +78 -121 +111 -73 +26 +103 -48 +67 +58 +59 +57 +85 +27 -79 +98 -124 -63 +65 -95 +29 -64 +39 -36 +108 +37 -38 -30)
(+1 +2 +3 +4 +5 +6 +7 +8 +9 +10 +11 +12 +13 +14 +15 +16 +17 +18 +19 +20 +21 +22 +23 +24 -113 +102 -71 -74 -90 +70 +99 -50 +32 -115 +44 -61 +31 -119 +96 +60 -89 -33 -123 -84 +122 -87 -77 +68 +114 +54 -51 +28 -81 +101 -120 -112 -53 +92 -94 -62 +41 -66 -91 -72 -75 -104 -43 -109 -76 -117 +106 +49 +34 -35 -42 +69 +80 -83 +118 +107 +110 +40 -93 +116 +25 +46 -86 -88 +47 +52 +97 -45 +82 -100 +55 +56 -105 +78 -121 +111 -73 +26 +103 -48 +67 +58 +59 +57 +85 +27 -79 +98 -124 -63 +65 -95 +29 -64 +39 -36 +108 +37 -38 -30)
(+1 +2 +3 +4 +5 +6 +7 +8 +9 +10 +11 +12 +13 +14 +15 +16 +17 +18 +19 +20 +21 +22 +23 +24 -25 -116 +93 -40 -110 -107 -118 +83 -80 -69 +42 +35 -34 -49 -106 +117 +76 +109 +43 +104 +75 +72 +91 +66 -41 +62 +94 -92 +53 +112 +120 -101 +81 -28 +51 -54 -114 -68 +77 +87 -122 +84 +123 +33 +89 -60 -96 +119 -31 +61 -44 +115 -32 +50 -99 -70 +90 +74 +71 -102 +113 +46 -86 -88 +47 +52 +97 -45 +82 -100 +55 +56 -105 +78 -121 +111 -73 +26 +103 -48 +67 +58 +59 +57 +85 +27 -79 +98 -124 -63 +65 -95 +29 -64 +39 -36 +108 +37 -38 -30)
(+1 +2 +3 +4 +5 +6 +7 +8 +9 +10 +11 +12 +13 +14 +15 +16 +17 +18 +19 +20 +21 +22 +23 +24 +25 -116 +93 -40 -110 -107 -118 +83 -80 -69 +42 +35 -34 -49 -106 +117 +76 +109 +43 +104 +75 +72 +91 +66 -41 +62 +94 -92 +53 +112 +120 -101 +81 -28 +51 -54 -114 -68 +77 +87 -122 +84 +123 +33 +89 -60 -96 +119 -31 +61 -44 +115 -32 +50 -99 -70 +90 +74 +71 -102 +113 +46 -86 -88 +47 +52 +97 -45 +82 -100 +55 +56 -105 +78 -121 +111 -73 +26 +103 -48 +67 +58 +59 +57 +85 +27 -79 +98 -124 -63 +65 -95 +29 -64 +39 -36 +108 +37 -38 -30)
(+1 +2 +3 +4 +5 +6 +7 +8 +9 +10 +11 +12 +13 +14 +15 +16 +17 +18 +19 +20 +21 +22 +23 +24 +25 -26 +73 -111 +121 -78 +105 -56 -55 +100 -82 +45 -97 -52 -47 +88 +86 -46 -113 +102 -71 -74 -90 +70 +99 -50 +32 -115 +44 -61 +31 -119 +96 +60 -89 -33 -123 -84 +122 -87 -77 +68 +114 +54 -51 +28 -81 +101 -120 -112 -53 +92 -94 -62 +41 -66 -91 -72 -75 -104 -43 -109 -76 -117 +106 +49 +34 -35 -42 +69 +80 -83 +118 +107 +110 +40 -93 +116 +103 -48 +67 +58 +59 +57 +85 +27 -79 +98 -124 -63 +65 -95 +29 -64 +39 -36 +108 +37 -38 -30)
(+1 +2 +3 +4 +5 +6 +7 +8 +9 +10 +11 +12 +13 +14 +15 +16 +17 +18 +19 +20 +21 +22 +23 +24 +25 +26 +73 -111 +121 -78 +105 -56 -55 +100 -82 +45 -97 -52 -47 +88 +86 -46 -113 +102 -71 -74 -90 +70 +99 -50 +32 -115 +44 -61 +31 -119 +96 +60 -89 -33 -123 -84 +122 -87 -77 +68 +114 +54 -51 +28 -81 +101 -120 -112 -53 +92 -94 -62 +41 -66 -91 -72 -75 -104 -43 -109 -76 -117 +106 +49 +34 -35 -42 +69 +80 -83 +118 +107 +110 +40 -93 +116 +103 -48 +67 +58 +59 +57 +85 +27 -79 +98 -124 -63 +65 -95 +29 -64 +39 -36 +108 +37 -38 -30)
(+1 +2 +3 +4 +5 +6 +7 +8 +9 +10 +11 +12 +13 +14 +15 +16 +17 +18 +19 +20 +21 +22 +23 +24 +25 +26 -27 -85 -57 -59 -58 -67 +48 -103 -116 +93 -40 -110 -107 -118 +83 -80 -69 +42 +35 -34 -49 -106 +117 +76 +109 +43 +104 +75 +72 +91 +66 -41 +62 +94 -92 +53 +112 +120 -101 +81 -28 +51 -54 -114 -68 +77 +87 -122 +84 +123 +33 +89 -60 -96 +119 -31 +61 -44 +115 -32 +50 -99 -70 +90 +74 +71 -102 +113 +46 -86 -88 +47 +52 +97 -45 +82 -100 +55 +56 -105 +78 -121 +111 -73 -79 +98 -124 -63 +65 -95 +29 -64 +39 -36 +108 +37 -38 -30)
(+1 +2 +3 +4 +5 +6 +7 +8 +9 +10 +11 +12 +13 +14 +15 +16 +17 +18 +19 +20 +21 +22 +23 +24 +25 +26 +27 -85 -57 -59 -58 -67 +48 -103 -116 +93 -40 -110 -107 -118 +83 -80 -69 +42 +35 -34 -49 -106 +117 +76 +109 +43 +104 +75 +72 +91 +66 -41 +62 +94 -92 +53 +112 +120 -101 +81 -28 +51 -54 -114 -68 +77 +87 -122 +84 +123 +33 +89 -60 -96 +119 -31 +61 -44 +115 -32 +50 -99 -70 +90 +74 +71 -102 +113 +46 -86 -88 +47 +52 +97 -45 +82 -100 +55 +56 -105 +78 -121 +111 -73 -79 +98 -124 -63 +65 -95 +29 -64 +39 -36 +108 +37 -38 -30)
(+1 +2 +3 +4 +5 +6 +7 +8 +9 +10 +11 +12 +13 +14 +15 +16 +17 +18 +19 +20 +21 +22 +23 +24 +25 +26 +27 +28 -81 +101 -120 -112 -53 +92 -94 -62 +41 -66 -91 -72 -75 -104 -43 -109 -76 -117 +106 +49 +34 -35 -42 +69 +80 -83 +118 +107 +110 +40 -93 +116 +103 -48 +67 +58 +59 +57 +85 +51 -54 -114 -68 +77 +87 -122 +84 +123 +33 +89 -60 -96 +119 -31 +61 -44 +115 -32 +50 -99 -70 +90 +74 +71 -102 +113 +46 -86 -88 +47 +52 +97 -45 +82 -100 +55 +56 -105 +78 -121 +111 -73 -79 +98 -124 -63 +65 -95 +29 -64 +39 -36 +108 +37 -38 -30)
(+1 +2 +3 +4 +5 +6 +7 +8 +9 +10 +11 +12 +13 +14 +15 +16 +17 +18 +19 +20 +21 +22 +23 +24 +25 +26 +27 +28 -29 +95 -65 +63 +124 -98 +79 +73 -111 +121 -78 +105 -56 -55 +100 -82 +45 -97 -52 -47 +88 +86 -46 -113 +102 -71 -74 -90 +70 +99 -50 +32 -115 +44 -61 +31 -119 +96 +60 -89 -33 -123 -84 +122 -87 -77 +68 +114 +54 -51 -85 -57 -59 -58 -67 +48 -103 -116 +93 -40 -110 -107 -118 +83 -80 -69 +42 +35 -34 -49 -106 +117 +76 +109 +43 +104 +75 +72 +91 +66 -41 +62 +94 -92 +53 +112 +120 -101 +81 -64 +39 -36 +108 +37 -38 -30)
(+1 +2 +3 +4 +5 +6 +7 +8 +9 +10 +11 +12 +13 +14 +15 +16 +17 +18 +19 +20 +21 +22 +23 +24 +25 +26 +27 +28 +29 +95 -65 +63 +124 -98 +79 +73 -111 +121 -78 +105 -56 -55 +100 -82 +45 -97 -52 -47 +88 +86 -46 -113 +102 -71 -74 -90 +70 +99 -50 +32 -115 +44 -61 +31 -119 +96 +60 -89 -33 -123 -84 +122 -87 -77 +68 +114 +54 -51 -85 -57 -59 -58 -67 +48 -103 -116 +93 -40 -110 -107 -118 +83 -80 -69 +42 +35 -34 -49 -106 +117 +76 +109 +43 +104 +75 +72 +91 +66 -41 +62 +94 -92 +53 +112 +120 -101 +81 -64 +39 -36 +108 +37 -38 -30)
(+1 +2 +3 +4 +5 +6 +7 +8 +9 +10 +11 +12 +13 +14 +15 +16 +17 +18 +19 +20 +21 +22 +23 +24 +25 +26 +27 +28 +29 +30 +38 -37 -108 +36 -39 +64 -81 +101 -120 -112 -53 +92 -94 -62 +41 -66 -91 -72 -75 -104 -43 -109 -76 -117 +106 +49 +34 -35 -42 +69 +80 -83 +118 +107 +110 +40 -93 +116 +103 -48 +67 +58 +59 +57 +85 +51 -54 -114 -68 +77 +87 -122 +84 +123 +33 +89 -60 -96 +119 -31 +61 -44 +115 -32 +50 -99 -70 +90 +74 +71 -102 +113 +46 -86 -88 +47 +52 +97 -45 +82 -100 +55 +56 -105 +78 -121 +111 -73 -79 +98 -124 -63 +65 -95)
(+1 +2 +3 +4 +5 +6 +7 +8 +9 +10 +11 +12 +13 +14 +15 +16 +17 +18 +19 +20 +21 +22 +23 +24 +25 +26 +27 +28 +29 +30 +31 -119 +96 +60 -89 -33 -123 -84 +122 -87 -77 +68 +114 +54 -51 -85 -57 -59 -58 -67 +48 -103 -116 +93 -40 -110 -107 -118 +83 -80 -69 +42 +35 -34 -49 -106 +117 +76 +109 +43 +104 +75 +72 +91 +66 -41 +62 +94 -92 +53 +112 +120 -101 +81 -64 +39 -36 +108 +37 -38 +61 -44 +115 -32 +50 -99 -70 +90 +74 +71 -102 +113 +46 -86 -88 +47 +52 +97 -45 +82 -100 +55 +56 -105 +78 -121 +111 -73 -79 +98 -124 -63 +65 -95)
(+1 +2 +3 +4 +5 +6 +7 +8 +9 +10 +11 +12 +13 +14 +15 +16 +17 +18 +19 +20 +21 +22 +23 +24 +25 +26 +27 +28 +29 +30 +31 +32 -115 +44 -61 +38 -37 -108 +36 -39 +64 -81 +101 -120 -112 -53 +92 -94 -62 +41 -66 -91 -72 -75 -104 -43 -109 -76 -117 +106 +49 +34 -35 -42 +69 +80 -83 +118 +107 +110 +40 -93 +116 +103 -48 +67 +58 +59 +57 +85 +51 -54 -114 -68 +77 +87 -122 +84 +123 +33 +89 -60 -96 +119 +50 -99 -70 +90 +74 +71 -102 +113 +46 -86 -88 +47 +52 +97 -45 +82 -100 +55 +56 -105 +78 -121 +111 -73 -79 +98 -124 -63 +65 -95)
(+1 +2 +3 +4 +5 +6 +7 +8 +9 +10 +11 +12 +13 +14 +15 +16 +17 +18 +19 +20 +21 +22 +23 +24 +25 +26 +27 +28 +29 +30 +31 +32 -33 -123 -84 +122 -87 -77 +68 +114 +54 -51 -85 -57 -59 -58 -67 +48 -103 -116 +93 -40 -110 -107 -118 +83 -80 -69 +42 +35 -34 -49 -106 +117 +76 +109 +43 +104 +75 +72 +91 +66 -41 +62 +94 -92 +53 +112 +120 -101 +81 -64 +39 -36 +108 +37 -38 +61 -44 +115 +89 -60 -96 +119 +50 -99 -70 +90 +74 +71 -102 +113 +46 -86 -88 +47 +52 +97 -45 +82 -100 +55 +56 -105 +78 -121 +111 -73 -79 +98 -124 -63 +65 -95)
(+1 +2 +3 +4 +5 +6 +7 +8 +9 +10 +11 +12 +13 +14 +15 +16 +17 +18 +19 +20 +21 +22 +23 +24 +25 +26 +27 +28 +29 +30 +31 +32 +33 -123 -84 +122 -87 -77 +68 +114 +54 -51 -85 -57 -59 -58 -67 +48 -103 -116 +93 -40 -110 -107 -118 +83 -80 -69 +42 +35 -34 -49 -106 +117 +76 +109 +43 +104 +75 +72 +91 +66 -41 +62 +94 -92 +53 +112 +120 -101 +81 -64 +39 -36 +108 +37 -38 +61 -44 +115 +89 -60 -96 +119 +50 -99 -70 +90 +74 +71 -102 +113 +46 -86 -88 +47 +52 +97 -45 +82 -100 +55 +56 -105 +78 -121 +111 -73 -79 +98 -124 -63 +65 -95)
(+1 +2 +3 +4 +5 +6 +7 +8 +9 +10 +11 +12 +13 +14 +15 +16 +17 +18 +19 +20 +21 +22 +23 +24 +25 +26 +27 +28 +29 +30 +31 +32 +33 +34 -35 -42 +69 +80 -83 +118 +107 +110 +40 -93 +116 +103 -48 +67 +58 +59 +57 +85 +51 -54 -114 -68 +77 +87 -122 +84 +123 -49 -106 +117 +76 +109 +43 +104 +75 +72 +91 +66 -41 +62 +94 -92 +53 +112 +120 -101 +81 -64 +39 -36 +108 +37 -38 +61 -44 +115 +89 -60 -96 +119 +50 -99 -70 +90 +74 +71 -102 +113 +46 -86 -88 +47 +52 +97 -45 +82 -100 +55 +56 -105 +78 -121 +111 -73 -79 +98 -124 -63 +65 -95)
(+1 +2 +3 +4 +5 +6 +7 +8 +9 +10 +11 +12 +13 +14 +15 +16 +17 +18 +19 +20 +21 +22 +23 +24 +25 +26 +27 +28 +29 +30 +31 +32 +33 +34 +35 -42 +69 +80 -83 +118 +107 +110 +40 -93 +116 +103 -48 +67 +58 +59 +57 +85 +51 -54 -114 -68 +77 +87 -122 +84 +123 -49 -106 +117 +76 +109 +43 +104 +75 +72 +91 +66 -41 +62 +94 -92 +53 +112 +120 -101 +81 -64 +39 -36 +108 +37 -38 +61 -44 +115 +89 -60 -96 +119 +50 -99 -70 +90 +74 +71 -102 +113 +46 -86 -88 +47 +52 +97 -45 +82 -100 +55 +56 -105 +78 -121 +111 -73 -79 +98 -124 -63 +65 -95)
(+1 +2 +3 +4 +5 +6 +7 +8 +9 +10 +11 +12 +13 +14 +15 +16 +17 +18 +19 +20 +21 +22 +23 +24 +25 +26 +27 +28 +29 +30 +31 +32 +33 +34 +35 +36 -39 +64 -81 +101 -120 -112 -53 +92 -94 -62 +41 -66 -91 -72 -75 -104 -43 -109 -76 -117 +106 +49 -123 -84 +122 -87 -77 +68 +114 +54 -51 -85 -57 -59 -58 -67 +48 -103 -116 +93 -40 -110 -107 -118 +83 -80 -69 +42 +108 +37 -38 +61 -44 +115 +89 -60 -96 +119 +50 -99 -70 +90 +74 +71 -102 +113 +46 -86 -88 +47 +52 +97 -45 +82 -100 +55 +56 -105 +78 -121 +111 -73 -79 +98 -124 -63 +65 -95)
(+1 +2 +3 +4 +5 +6 +7 +8 +9 +10 +11 +12 +13 +14 +15 +16 +17 +18 +19 +20 +21 +22 +23 +24 +25 +26 +27 +28 +29 +30 +31 +32 +33 +34 +35 +36 -37 -108 -42 +69 +80 -83 +118 +107 +110 +40 -93 +116 +103 -48 +67 +58 +59 +57 +85 +51 -54 -114 -68 +77 +87 -122 +84 +123 -49 -106 +117 +76 +109 +43 +104 +75 +72 +91 +66 -41 +62 +94 -92 +53 +112 +120 -101 +81 -64 +39 -38 +61 -44 +115 +89 -60 -96 +119 +50 -99 -70 +90 +74 +71 -102 +113 +46 -86 -88 +47 +52 +97 -45 +82 -100 +55 +56 -105 +78 -121 +111 -73 -79 +98 -124 -63 +65 -95)
(+1 +2 +3 +4 +5 +6 +7 +8 +9 +10 +11 +12 +13 +14 +15 +16 +17 +18 +19 +20 +21 +22 +23 +24 +25 +26 +27 +28 +29 +30 +31 +32 +33 +34 +35 +36 +37 -108 -42 +69 +80 -83 +118 +107 +110 +40 -93 +116 +103 -48 +67 +58 +59 +57 +85 +51 -54 -114 -68 +77 +87 -122 +84 +123 -49 -106 +117 +76 +109 +43 +104 +75 +72 +91 +66 -41 +62 +94 -92 +53 +112 +120 -101 +81 -64 +39 -38 +61 -44 +115 +89 -60 -96 +119 +50 -99 -70 +90 +74 +71 -102 +113 +46 -86 -88 +47 +52 +97 -45 +82 -100 +55 +56 -105 +78 -121 +111 -73 -79 +98 -124 -63 +65 -95)
(+1 +2 +3 +4 +5 +6 +7 +8 +9 +10 +11 +12 +13 +14 +15 +16 +17 +18 +19 +20 +21 +22 +23 +24 +25 +26 +27 +28 +29 +30 +31 +32 +33 +34 +35 +36 +37 +38 -39 +64 -81 +101 -120 -112 -53 +92 -94 -62 +41 -66 -91 -72 -75 -104 -43 -109 -76 -117 +106 +49 -123 -84 +122 -87 -77 +68 +114 +54 -51 -85 -57 -59 -58 -67 +48 -103 -116 +93 -40 -110 -107 -118 +83 -80 -69 +42 +108 +61 -44 +115 +89 -60 -96 +119 +50 -99 -70 +90 +74 +71 -102 +113 +46 -86 -88 +47 +52 +97 -45 +82 -100 +55 +56 -105 +78 -121 +111 -73 -79 +98 -124 -63 +65 -95)
(+1 +2 +3 +4 +5 +6 +7 +8 +9 +10 +11 +12 +13 +14 +15 +16 +17 +18 +19 +20 +21 +22 +23 +24 +25 +26 +27 +28 +29 +30 +31 +32 +33 +34 +35 +36 +37 +38 +39 +64 -81 +101 -120 -112 -53 +92 -94 -62 +41 -66 -91 -72 -75 -104 -43 -109 -76 -117 +106 +49 -123 -84 +122 -87 -77 +68 +114 +54 -51 -85 -57 -59 -58 -67 +48 -103 -116 +93 -40 -110 -107 -118 +83 -80 -69 +42 +108 +61 -44 +115 +89 -60 -96 +119 +50 -99 -70 +90 +74 +71 -102 +113 +46 -86 -88 +47 +52 +97 -45 +82 -100 +55 +56 -105 +78 -121 +111 -73 -79 +98 -124 -63 +65 -95)
(+1 +2 +3 +4 +5 +6 +7 +8 +9 +10 +11 +12 +13 +14 +15 +16 +17 +18 +19 +20 +21 +22 +23 +24 +25 +26 +27 +28 +29 +30 +31 +32 +33 +34 +35 +36 +37 +38 +39 +40 -93 +116 +103 -48 +67 +58 +59 +57 +85 +51 -54 -114 -68 +77 +87 -122 +84 +123 -49 -106 +117 +76 +109 +43 +104 +75 +72 +91 +66 -41 +62 +94 -92 +53 +112 +120 -101 +81 -64 -110 -107 -118 +83 -80 -69 +42 +108 +61 -44 +115 +89 -60 -96 +119 +50 -99 -70 +90 +74 +71 -102 +113 +46 -86 -88 +47 +52 +97 -45 +82 -100 +55 +56 -105 +78 -121 +111 -73 -79 +98 -124 -63 +65 -95)
(+1 +2 +3 +4 +5 +6 +7 +8 +9 +10 +11 +12 +13 +14 +15 +16 +17 +18 +19 +20 +21 +22 +23 +24 +25 +26 +27 +28 +29 +30 +31 +32 +33 +34 +35 +36 +37 +38 +39 +40 +41 -66 -91 -72 -75 -104 -43 -109 -76 -117 +106 +49 -123 -84 +122 -87 -77 +68 +114 +54 -51 -85 -57 -59 -58 -67 +48 -103 -116 +93 +62 +94 -92 +53 +112 +120 -101 +81 -64 -110 -107 -118 +83 -80 -69 +42 +108 +61 -44 +115 +89 -60 -96 +119 +50 -99 -70 +90 +74 +71 -102 +113 +46 -86 -88 +47 +52 +97 -45 +82 -100 +55 +56 -105 +78 -121 +111 -73 -79 +98 -124 -63 +65 -95)
(+1 +2 +3 +4 +5 +6 +7 +8 +9 +10 +11 +12 +13 +14 +15 +16 +17 +18 +19 +20 +21 +22 +23 +24 +25 +26 +27 +28 +29 +30 +31 +32 +33 +34 +35 +36 +37 +38 +39 +40 +41 -42 +69 +80 -83 +118 +107 +110 +64 -81 +101 -120 -112 -53 +92 -94 -62 -93 +116 +103 -48 +67 +58 +59 +57 +85 +51 -54 -114 -68 +77 +87 -122 +84 +123 -49 -106 +117 +76 +109 +43 +104 +75 +72 +91 +66 +108 +61 -44 +115 +89 -60 -96 +119 +50 -99 -70 +90 +74 +71 -102 +113 +46 -86 -88 +47 +52 +97 -45 +82 -100 +55 +56 -105 +78 -121 +111 -73 -79 +98 -124 -63 +65 -95)
(+1 +2 +3 +4 +5 +6 +7 +8 +9 +10 +11 +12 +13 +14 +15 +16 +17 +18 +19 +20 +21 +22 +23 +24 +25 +26 +27 +28 +29 +30 +31 +32 +33 +34 +35 +36 +37 +38 +39 +40 +41 +42 +69 +80 -83 +118 +107 +110 +64 -81 +101 -120 -112 -53 +92 -94 -62 -93 +116 +103 -48 +67 +58 +59 +57 +85 +51 -54 -114 -68 +77 +87 -122 +84 +123 -49 -106 +117 +76 +109 +43 +104 +75 +72 +91 +66 +108 +61 -44 +115 +89 -60 -96 +119 +50 -99 -70 +90 +74 +71 -102 +113 +46 -86 -88 +47 +52 +97 -45 +82 -100 +55 +56 -105 +78 -121 +111 -73 -79 +98 -124 -63 +65 -95)
(+1 +2 +3 +4 +5 +6 +7 +8 +9 +10 +11 +12 +13 +14 +15 +16 +17 +18 +19 +20 +21 +22 +23 +24 +25 +26 +27 +28 +29 +30 +31 +32 +33 +34 +35 +36 +37 +38 +39 +40 +41 +42 -43 -109 -76 -117 +106 +49 -123 -84 +122 -87 -77 +68 +114 +54 -51 -85 -57 -59 -58 -67 +48 -103 -116 +93 +62 +94 -92 +53 +112 +120 -101 +81 -64 -110 -107 -118 +83 -80 -69 +104 +75 +72 +91 +66 +108 +61 -44 +115 +89 -60 -96 +119 +50 -99 -70 +90 +74 +71 -102 +113 +46 -86 -88 +47 +52 +97 -45 +82 -100 +55 +56 -105 +78 -121 +111 -73 -79 +98 -124 -63 +65 -95)
(+1 +2 +3 +4 +5 +6 +7 +8 +9 +10 +11 +12 +13 +14 +15 +16 +17 +18 +19 +20 +21 +22 +23 +24 +25 +26 +27 +28 +29 +30 +31 +32 +33 +34 +35 +36 +37 +38 +39 +40 +41 +42 +43 -109 -76 -117 +106 +49 -123 -84 +122 -87 -77 +68 +114 +54 -51 -85 -57 -59 -58 -67 +48 -103 -116 +93 +62 +94 -92 +53 +112 +120 -101 +81 -64 -110 -107 -118 +83 -80 -69 +104 +75 +72 +91 +66 +108 +61 -44 +115 +89 -60 -96 +119 +50 -99 -70 +90 +74 +71 -102 +113 +46 -86 -88 +47 +52 +97 -45 +82 -100 +55 +56 -105 +78 -121 +111 -73 -79 +98 -124 -63 +65 -95)
(+1 +2 +3 +4 +5 +6 +7 +8 +9 +10 +11 +12 +13 +14 +15 +16 +17 +18 +19 +20 +21 +22 +23 +24 +25 +26 +27 +28 +29 +30 +31 +32 +33 +34 +35 +36 +37 +38 +39 +40 +41 +42 +43 +44 -61 -108 -66 -91 -72 -75 -104 +69 +80 -83 +118 +107 +110 +64 -81 +101 -120 -112 -53 +92 -94 -62 -93 +116 +103 -48 +67 +58 +59 +57 +85 +51 -54 -114 -68 +77 +87 -122 +84 +123 -49 -106 +117 +76 +109 +115 +89 -60 -96 +119 +50 -99 -70 +90 +74 +71 -102 +113 +46 -86 -88 +47 +52 +97 -45 +82 -100 +55 +56 -105 +78 -121 +111 -73 -79 +98 -124 -63 +65 -95)
(+1 +2 +3 +4 +5 +6 +7 +8 +9 +10 +11 +12 +13 +14 +15 +16 +17 +18 +19 +20 +21 +22 +23 +24 +25 +26 +27 +28 +29 +30 +31 +32 +33 +34 +35 +36 +37 +38 +39 +40 +41 +42 +43 +44 +45 -97 -52 -47 +88 +86 -46 -113 +102 -71 -74 -90 +70 +99 -50 -119 +96 +60 -89 -115 -109 -76 -117 +106 +49 -123 -84 +122 -87 -77 +68 +114 +54 -51 -85 -57 -59 -58 -67 +48 -103 -116 +93 +62 +94 -92 +53 +112 +120 -101 +81 -64 -110 -107 -118 +83 -80 -69 +104 +75 +72 +91 +66 +108 +61 +82 -100 +55 +56 -105 +78 -121 +111 -73 -79 +98 -124 -63 +65 -95)
(+1 +2 +3 +4 +5 +6 +7 +8 +9 +10 +11 +12 +13 +14 +15 +16 +17 +18 +19 +20 +21 +22 +23 +24 +25 +26 +27 +28 +29 +30 +31 +32 +33 +34 +35 +36 +37 +38 +39 +40 +41 +42 +43 +44 +45 +46 -86 -88 +47 +52 +97 -113 +102 -71 -74 -90 +70 +99 -50 -119 +96 +60 -89 -115 -109 -76 -117 +106 +49 -123 -84 +122 -87 -77 +68 +114 +54 -51 -85 -57 -59 -58 -67 +48 -103 -116 +93 +62 +94 -92 +53 +112 +120 -101 +81 -64 -110 -107 -118 +83 -80 -69 +104 +75 +72 +91 +66 +108 +61 +82 -100 +55 +56 -105 +78 -121 +111 -73 -79 +98 -124 -63 +65 -95)
(+1 +2 +3 +4 +5 +6 +7 +8 +9 +10 +11 +12 +13 +14 +15 +16 +17 +18 +19 +20 +21 +22 +23 +24 +25 +26 +27 +28 +29 +30 +31 +32 +33 +34 +35 +36 +37 +38 +39 +40 +41 +42 +43 +44 +45 +46 -47 +88 +86 +52 +97 -113 +102 -71 -74 -90 +70 +99 -50 -119 +96 +60 -89 -115 -109 -76 -117 +106 +49 -123 -84 +122 -87 -77 +68 +114 +54 -51 -85 -57 -59 -58 -67 +48 -103 -116 +93 +62 +94 -92 +53 +112 +120 -101 +81 -64 -110 -107 -118 +83 -80 -69 +104 +75 +72 +91 +66 +108 +61 +82 -100 +55 +56 -105 +78 -121 +111 -73 -79 +98 -124 -63 +65 -95)
(+1 +2 +3 +4 +5 +6 +7 +8 +9 +10 +11 +12 +13 +14 +15 +16 +17 +18 +19 +20 +21 +22 +23 +24 +25 +26 +27 +28 +29 +30 +31 +32 +33 +34 +35 +36 +37 +38 +39 +40 +41 +42 +43 +44 +45 +46 +47 +88 +86 +52 +97 -113 +102 -71 -74 -90 +70 +99 -50 -119 +96 +60 -89 -115 -109 -76 -117 +106 +49 -123 -84 +122 -87 -77 +68 +114 +54 -51 -85 -57 -59 -58 -67 +48 -103 -116 +93 +62 +94 -92 +53 +112 +120 -101 +81 -64 -110 -107 -118 +83 -80 -69 +104 +75 +72 +91 +66 +108 +61 +82 -100 +55 +56 -105 +78 -121 +111 -73 -79 +98 -124 -63 +65 -95)
(+1 +2 +3 +4 +5 +6 +7 +8 +9 +10 +11 +12 +13 +14 +15 +16 +17 +18 +19 +20 +21 +22 +23 +24 +25 +26 +27 +28 +29 +30 +31 +32 +33 +34 +35 +36 +37 +38 +39 +40 +41 +42 +43 +44 +45 +46 +47 -48 +67 +58 +59 +57 +85 +51 -54 -114 -68 +77 +87 -122 +84 +123 -49 -106 +117 +76 +109 +115 +89 -60 -96 +119 +50 -99 -70 +90 +74 +71 -102 +113 -97 -52 -86 -88 -103 -116 +93 +62 +94 -92 +53 +112 +120 -101 +81 -64 -110 -107 -118 +83 -80 -69 +104 +75 +72 +91 +66 +108 +61 +82 -100 +55 +56 -105 +78 -121 +111 -73 -79 +98 -124 -63 +65 -95)
(+1 +2 +3 +4 +5 +6 +7 +8 +9 +10 +11 +12 +13 +14 +15 +16 +17 +18 +19 +20 +21 +22 +23 +24 +25 +26 +27 +28 +29 +30 +31 +32 +33 +34 +35 +36 +37 +38 +39 +40 +41 +42 +43 +44 +45 +46 +47 +48 +67 +58 +59 +57 +85 +51 -54 -114 -68 +77 +87 -122 +84 +123 -49 -106 +117 +76 +109 +115 +89 -60 -96 +119 +50 -99 -70 +90 +74 +71 -102 +113 -97 -52 -86 -88 -103 -116 +93 +62 +94 -92 +53 +112 +120 -101 +81 -64 -110 -107 -118 +83 -80 -69 +104 +75 +72 +91 +66 +108 +61 +82 -100 +55 +56 -105 +78 -121 +111 -73 -79 +98 -124 -63 +65 -95)
(+1 +2 +3 +4 +5 +6 +7 +8 +9 +10 +11 +12 +13 +14 +15 +16 +17 +18 +19 +20 +21 +22 +23 +24 +25 +26 +27 +28 +29 +30 +31 +32 +33 +34 +35 +36 +37 +38 +39 +40 +41 +42 +43 +44 +45 +46 +47 +48 +49 -123 -84 +122 -87 -77 +68 +114 +54 -51 -85 -57 -59 -58 -67 -106 +117 +76 +109 +115 +89 -60 -96 +119 +50 -99 -70 +90 +74 +71 -102 +113 -97 -52 -86 -88 -103 -116 +93 +62 +94 -92 +53 +112 +120 -101 +81 -64 -110 -107 -118 +83 -80 -69 +104 +75 +72 +91 +66 +108 +61 +82 -100 +55 +56 -105 +78 -121 +111 -73 -79 +98 -124 -63 +65 -95)
(+1 +2 +3 +4 +5 +6 +7 +8 +9 +10 +11 +12 +13 +14 +15 +16 +17 +18 +19 +20 +21 +22 +23 +24 +25 +26 +27 +28 +29 +30 +31 +32 +33 +34 +35 +36 +37 +38 +39 +40 +41 +42 +43 +44 +45 +46 +47 +48 +49 -50 -119 +96 +60 -89 -115 -109 -76 -117 +106 +67 +58 +59 +57 +85 +51 -54 -114 -68 +77 +87 -122 +84 +123 -99 -70 +90 +74 +71 -102 +113 -97 -52 -86 -88 -103 -116 +93 +62 +94 -92 +53 +112 +120 -101 +81 -64 -110 -107 -118 +83 -80 -69 +104 +75 +72 +91 +66 +108 +61 +82 -100 +55 +56 -105 +78 -121 +111 -73 -79 +98 -124 -63 +65 -95)
(+1 +2 +3 +4 +5 +6 +7 +8 +9 +10 +11 +12 +13 +14 +15 +16 +17 +18 +19 +20 +21 +22 +23 +24 +25 +26 +27 +28 +29 +30 +31 +32 +33 +34 +35 +36 +37 +38 +39 +40 +41 +42 +43 +44 +45 +46 +47 +48 +49 +50 -119 +96 +60 -89 -115 -109 -76 -117 +106 +67 +58 +59 +57 +85 +51 -54 -114 -68 +77 +87 -122 +84 +123 -99 -70 +90 +74 +71 -102 +113 -97 -52 -86 -88 -103 -116 +93 +62 +94 -92 +53 +112 +120 -101 +81 -64 -110 -107 -118 +83 -80 -69 +104 +75 +72 +91 +66 +108 +61 +82 -100 +55 +56 -105 +78 -121 +111 -73 -79 +98 -124 -63 +65 -95)
(+1 +2 +3 +4 +5 +6 +7 +8 +9 +10 +11 +12 +13 +14 +15 +16 +17 +18 +19 +20 +21 +22 +23 +24 +25 +26 +27 +28 +29 +30 +31 +32 +33 +34 +35 +36 +37 +38 +39 +40 +41 +42 +43 +44 +45 +46 +47 +48 +49 +50 -51 -85 -57 -59 -58 -67 -106 +117 +76 +109 +115 +89 -60 -96 +119 -54 -114 -68 +77 +87 -122 +84 +123 -99 -70 +90 +74 +71 -102 +113 -97 -52 -86 -88 -103 -116 +93 +62 +94 -92 +53 +112 +120 -101 +81 -64 -110 -107 -118 +83 -80 -69 +104 +75 +72 +91 +66 +108 +61 +82 -100 +55 +56 -105 +78 -121 +111 -73 -79 +98 -124 -63 +65 -95)
(+1 +2 +3 +4 +5 +6 +7 +8 +9 +10 +11 +12 +13 +14 +15 +16 +17 +18 +19 +20 +21 +22 +23 +24 +25 +26 +27 +28 +29 +30 +31 +32 +33 +34 +35 +36 +37 +38 +39 +40 +41 +42 +43 +44 +45 +46 +47 +48 +49 +50 +51 -85 -57 -59 -58 -67 -106 +117 +76 +109 +115 +89 -60 -96 +119 -54 -114 -68 +77 +87 -122 +84 +123 -99 -70 +90 +74 +71 -102 +113 -97 -52 -86 -88 -103 -116 +93 +62 +94 -92 +53 +112 +120 -101 +81 -64 -110 -107 -118 +83 -80 -69 +104 +75 +72 +91 +66 +108 +61 +82 -100 +55 +56 -105 +78 -121 +111 -73 -79 +98 -124 -63 +65 -95)
(+1 +2 +3 +4 +5 +6 +7 +8 +9 +10 +11 +12 +13 +14 +15 +16 +17 +18 +19 +20 +21 +22 +23 +24 +25 +26 +27 +28 +29 +30 +31 +32 +33 +34 +35 +36 +37 +38 +39 +40 +41 +42 +43 +44 +45 +46 +47 +48 +49 +50 +51 +52 +97 -113 +102 -71 -74 -90 +70 +99 -123 -84 +122 -87 -77 +68 +114 +54 -119 +96 +60 -89 -115 -109 -76 -117 +106 +67 +58 +59 +57 +85 -86 -88 -103 -116 +93 +62 +94 -92 +53 +112 +120 -101 +81 -64 -110 -107 -118 +83 -80 -69 +104 +75 +72 +91 +66 +108 +61 +82 -100 +55 +56 -105 +78 -121 +111 -73 -79 +98 -124 -63 +65 -95)
(+1 +2 +3 +4 +5 +6 +7 +8 +9 +10 +11 +12 +13 +14 +15 +16 +17 +18 +19 +20 +21 +22 +23 +24 +25 +26 +27 +28 +29 +30 +31 +32 +33 +34 +35 +36 +37 +38 +39 +40 +41 +42 +43 +44 +45 +46 +47 +48 +49 +50 +51 +52 -53 +92 -94 -62 -93 +116 +103 +88 +86 -85 -57 -59 -58 -67 -106 +117 +76 +109 +115 +89 -60 -96 +119 -54 -114 -68 +77 +87 -122 +84 +123 -99 -70 +90 +74 +71 -102 +113 -97 +112 +120 -101 +81 -64 -110 -107 -118 +83 -80 -69 +104 +75 +72 +91 +66 +108 +61 +82 -100 +55 +56 -105 +78 -121 +111 -73 -79 +98 -124 -63 +65 -95)
(+1 +2 +3 +4 +5 +6 +7 +8 +9 +10 +11 +12 +13 +14 +15 +16 +17 +18 +19 +20 +21 +22 +23 +24 +25 +26 +27 +28 +29 +30 +31 +32 +33 +34 +35 +36 +37 +38 +39 +40 +41 +42 +43 +44 +45 +46 +47 +48 +49 +50 +51 +52 +53 +92 -94 -62 -93 +116 +103 +88 +86 -85 -57 -59 -58 -67 -106 +117 +76 +109 +115 +89 -60 -96 +119 -54 -114 -68 +77 +87 -122 +84 +123 -99 -70 +90 +74 +71 -102 +113 -97 +112 +120 -101 +81 -64 -110 -107 -118 +83 -80 -69 +104 +75 +72 +91 +66 +108 +61 +82 -100 +55 +56 -105 +78 -121 +111 -73 -79 +98 -124 -63 +65 -95)
(+1 +2 +3 +4 +5 +6 +7 +8 +9 +10 +11 +12 +13 +14 +15 +16 +17 +18 +19 +20 +21 +22 +23 +24 +25 +26 +27 +28 +29 +30 +31 +32 +33 +34 +35 +36 +37 +38 +39 +40 +41 +42 +43 +44 +45 +46 +47 +48 +49 +50 +51 +52 +53 +54 -119 +96 +60 -89 -115 -109 -76 -117 +106 +67 +58 +59 +57 +85 -86 -88 -103 -116 +93 +62 +94 -92 -114 -68 +77 +87 -122 +84 +123 -99 -70 +90 +74 +71 -102 +113 -97 +112 +120 -101 +81 -64 -110 -107 -118 +83 -80 -69 +104 +75 +72 +91 +66 +108 +61 +82 -100 +55 +56 -105 +78 -121 +111 -73 -79 +98 -124 -63 +65 -95)
(+1 +2 +3 +4 +5 +6 +7 +8 +9 +10 +11 +12 +13 +14 +15 +16 +17 +18 +19 +20 +21 +22 +23 +24 +25 +26 +27 +28 +29 +30 +31 +32 +33 +34 +35 +36 +37 +38 +39 +40 +41 +42 +43 +44 +45 +46 +47 +48 +49 +50 +51 +52 +53 +54 -55 +100 -82 -61 -108 -66 -91 -72 -75 -104 +69 +80 -83 +118 +107 +110 +64 -81 +101 -120 -112 +97 -113 +102 -71 -74 -90 +70 +99 -123 -84 +122 -87 -77 +68 +114 +92 -94 -62 -93 +116 +103 +88 +86 -85 -57 -59 -58 -67 -106 +117 +76 +109 +115 +89 -60 -96 +119 +56 -105 +78 -121 +111 -73 -79 +98 -124 -63 +65 -95)
(+1 +2 +3 +4 +5 +6 +7 +8 +9 +10 +11 +12 +13 +14 +15 +16 +17 +18 +19 +20 +21 +22 +23 +24 +25 +26 +27 +28 +29 +30 +31 +32 +33 +34 +35 +36 +37 +38 +39 +40 +41 +42 +43 +44 +45 +46 +47 +48 +49 +50 +51 +52 +53 +54 +55 +100 -82 -61 -108 -66 -91 -72 -75 -104 +69 +80 -83 +118 +107 +110 +64 -81 +101 -120 -112 +97 -113 +102 -71 -74 -90 +70 +99 -123 -84 +122 -87 -77 +68 +114 +92 -94 -62 -93 +116 +103 +88 +86 -85 -57 -59 -58 -67 -106 +117 +76 +109 +115 +89 -60 -96 +119 +56 -105 +78 -121 +111 -73 -79 +98 -124 -63 +65 -95)
(+1 +2 +3 +4 +5 +6 +7 +8 +9 +10 +11 +12 +13 +14 +15 +16 +17 +18 +19 +20 +21 +22 +23 +24 +25 +26 +27 +28 +29 +30 +31 +32 +33 +34 +35 +36 +37 +38 +39 +40 +41 +42 +43 +44 +45 +46 +47 +48 +49 +50 +51 +52 +53 +54 +55 -56 -119 +96 +60 -89 -115 -109 -76 -117 +106 +67 +58 +59 +57 +85 -86 -88 -103 -116 +93 +62 +94 -92 -114 -68 +77 +87 -122 +84 +123 -99 -70 +90 +74 +71 -102 +113 -97 +112 +120 -101 +81 -64 -110 -107 -118 +83 -80 -69 +104 +75 +72 +91 +66 +108 +61 +82 -100 -105 +78 -121 +111 -73 -79 +98 -124 -63 +65 -95)
(+1 +2 +3 +4 +5 +6 +7 +8 +9 +10 +11 +12 +13 +14 +15 +16 +17 +18 +19 +20 +21 +22 +23 +24 +25 +26 +27 +28 +29 +30 +31 +32 +33 +34 +35 +36 +37 +38 +39 +40 +41 +42 +43 +44 +45 +46 +47 +48 +49 +50 +51 +52 +53 +54 +55 +56 -119 +96 +60 -89 -115 -109 -76 -117 +106 +67 +58 +59 +57 +85 -86 -88 -103 -116 +93 +62 +94 -92 -114 -68 +77 +87 -122 +84 +123 -99 -70 +90 +74 +71 -102 +113 -97 +112 +120 -101 +81 -64 -110 -107 -118 +83 -80 -69 +104 +75 +72 +91 +66 +108 +61 +82 -100 -105 +78 -121 +111 -73 -79 +98 -124 -63 +65 -95)
(+1 +2 +3 +4 +5 +6 +7 +8 +9 +10 +11 +12 +13 +14 +15 +16 +17 +18 +19 +20 +21 +22 +23 +24 +25 +26 +27 +28 +29 +30 +31 +32 +33 +34 +35 +36 +37 +38 +39 +40 +41 +42 +43 +44 +45 +46 +47 +48 +49 +50 +51 +52 +53 +54 +55 +56 -57 -59 -58 -67 -106 +117 +76 +109 +115 +89 -60 -96 +119 +85 -86 -88 -103 -116 +93 +62 +94 -92 -114 -68 +77 +87 -122 +84 +123 -99 -70 +90 +74 +71 -102 +113 -97 +112 +120 -101 +81 -64 -110 -107 -118 +83 -80 -69 +104 +75 +72 +91 +66 +108 +61 +82 -100 -105 +78 -121 +111 -73 -79 +98 -124 -63 +65 -95)
(+1 +2 +3 +4 +5 +6 +7 +8 +9 +10 +11 +12 +13 +14 +15 +16 +17 +18 +19 +20 +21 +22 +23 +24 +25 +26 +27 +28 +29 +30 +31 +32 +33 +34 +35 +36 +37 +38 +39 +40 +41 +42 +43 +44 +45 +46 +47 +48 +49 +50 +51 +52 +53 +54 +55 +56 +57 -59 -58 -67 -106 +117 +76 +109 +115 +89 -60 -96 +119 +85 -86 -88 -103 -116 +93 +62 +94 -92 -114 -68 +77 +87 -122 +84 +123 -99 -70 +90 +74 +71 -102 +113 -97 +112 +120 -101 +81 -64 -110 -107 -118 +83 -80 -69 +104 +75 +72 +91 +66 +108 +61 +82 -100 -105 +78 -121 +111 -73 -79 +98 -124 -63 +65 -95)
(+1 +2 +3 +4 +5 +6 +7 +8 +9 +10 +11 +12 +13 +14 +15 +16 +17 +18 +19 +20 +21 +22 +23 +24 +25 +26 +27 +28 +29 +30 +31 +32 +33 +34 +35 +36 +37 +38 +39 +40 +41 +42 +43 +44 +45 +46 +47 +48 +49 +50 +51 +52 +53 +54 +55 +56 +57 +58 +59 -67 -106 +117 +76 +109 +115 +89 -60 -96 +119 +85 -86 -88 -103 -116 +93 +62 +94 -92 -114 -68 +77 +87 -122 +84 +123 -99 -70 +90 +74 +71 -102 +113 -97 +112 +120 -101 +81 -64 -110 -107 -118 +83 -80 -69 +104 +75 +72 +91 +66 +108 +61 +82 -100 -105 +78 -121 +111 -73 -79 +98 -124 -63 +65 -95)
(+1 +2 +3 +4 +5 +6 +7 +8 +9 +10 +11 +12 +13 +14 +15 +16 +17 +18 +19 +20 +21 +22 +23 +24 +25 +26 +27 +28 +29 +30 +31 +32 +33 +34 +35 +36 +37 +38 +39 +40 +41 +42 +43 +44 +45 +46 +47 +48 +49 +50 +51 +52 +53 +54 +55 +56 +57 +58 +59 +60 -89 -115 -109 -76 -117 +106 +67 -96 +119 +85 -86 -88 -103 -116 +93 +62 +94 -92 -114 -68 +77 +87 -122 +84 +123 -99 -70 +90 +74 +71 -102 +113 -97 +112 +120 -101 +81 -64 -110 -107 -118 +83 -80 -69 +104 +75 +72 +91 +66 +108 +61 +82 -100 -105 +78 -121 +111 -73 -79 +98 -124 -63 +65 -95)
(+1 +2 +3 +4 +5 +6 +7 +8 +9 +10 +11 +12 +13 +14 +15 +16 +17 +18 +19 +20 +21 +22 +23 +24 +25 +26 +27 +28 +29 +30 +31 +32 +33 +34 +35 +36 +37 +38 +39 +40 +41 +42 +43 +44 +45 +46 +47 +48 +49 +50 +51 +52 +53 +54 +55 +56 +57 +58 +59 +60 -61 -108 -66 -91 -72 -75 -104 +69 +80 -83 +118 +107 +110 +64 -81 +101 -120 -112 +97 -113 +102 -71 -74 -90 +70 +99 -123 -84 +122 -87 -77 +68 +114 +92 -94 -62 -93 +116 +103 +88 +86 -85 -119 +96 -67 -106 +117 +76 +109 +115 +89 +82 -100 -105 +78 -121 +111 -73 -79 +98 -124 -63 +65 -95)
(+1 +2 +3 +4 +5 +6 +7 +8 +9 +10 +11 +12 +13 +14 +15 +16 +17 +18 +19 +20 +21 +22 +23 +24 +25 +26 +27 +28 +29 +30 +31 +32 +33 +34 +35 +36 +37 +38 +39 +40 +41 +42 +43 +44 +45 +46 +47 +48 +49 +50 +51 +52 +53 +54 +55 +56 +57 +58 +59 +60 +61 -108 -66 -91 -72 -75 -104 +69 +80 -83 +118 +107 +110 +64 -81 +101 -120 -112 +97 -113 +102 -71 -74 -90 +70 +99 -123 -84 +122 -87 -77 +68 +114 +92 -94 -62 -93 +116 +103 +88 +86 -85 -119 +96 -67 -106 +117 +76 +109 +115 +89 +82 -100 -105 +78 -121 +111 -73 -79 +98 -124 -63 +65 -95)
(+1 +2 +3 +4 +5 +6 +7 +8 +9 +10 +11 +12 +13 +14 +15 +16 +17 +18 +19 +20 +21 +22 +23 +24 +25 +26 +27 +28 +29 +30 +31 +32 +33 +34 +35 +36 +37 +38 +39 +40 +41 +42 +43 +44 +45 +46 +47 +48 +49 +50 +51 +52 +53 +54 +55 +56 +57 +58 +59 +60 +61 +62 +94 -92 -114 -68 +77 +87 -122 +84 +123 -99 -70 +90 +74 +71 -102 +113 -97 +112 +120 -101 +81 -64 -110 -107 -118 +83 -80 -69 +104 +75 +72 +91 +66 +108 -93 +116 +103 +88 +86 -85 -119 +96 -67 -106 +117 +76 +109 +115 +89 +82 -100 -105 +78 -121 +111 -73 -79 +98 -124 -63 +65 -95)
(+1 +2 +3 +4 +5 +6 +7 +8 +9 +10 +11 +12 +13 +14 +15 +16 +17 +18 +19 +20 +21 +22 +23 +24 +25 +26 +27 +28 +29 +30 +31 +32 +33 +34 +35 +36 +37 +38 +39 +40 +41 +42 +43 +44 +45 +46 +47 +48 +49 +50 +51 +52 +53 +54 +55 +56 +57 +58 +59 +60 +61 +62 +63 +124 -98 +79 +73 -111 +121 -78 +105 +100 -82 -89 -115 -109 -76 -117 +106 +67 -96 +119 +85 -86 -88 -103 -116 +93 -108 -66 -91 -72 -75 -104 +69 +80 -83 +118 +107 +110 +64 -81 +101 -120 -112 +97 -113 +102 -71 -74 -90 +70 +99 -123 -84 +122 -87 -77 +68 +114 +92 -94 +65 -95)
(+1 +2 +3 +4 +5 +6 +7 +8 +9 +10 +11 +12 +13 +14 +15 +16 +17 +18 +19 +20 +21 +22 +23 +24 +25 +26 +27 +28 +29 +30 +31 +32 +33 +34 +35 +36 +37 +38 +39 +40 +41 +42 +43 +44 +45 +46 +47 +48 +49 +50 +51 +52 +53 +54 +55 +56 +57 +58 +59 +60 +61 +62 +63 -64 -110 -107 -118 +83 -80 -69 +104 +75 +72 +91 +66 +108 -93 +116 +103 +88 +86 -85 -119 +96 -67 -106 +117 +76 +109 +115 +89 +82 -100 -105 +78 -121 +111 -73 -79 +98 -124 -81 +101 -120 -112 +97 -113 +102 -71 -74 -90 +70 +99 -123 -84 +122 -87 -77 +68 +114 +92 -94 +65 -95)
(+1 +2 +3 +4 +5 +6 +7 +8 +9 +10 +11 +12 +13 +14 +15 +16 +17 +18 +19 +20 +21 +22 +23 +24 +25 +26 +27 +28 +29 +30 +31 +32 +33 +34 +35 +36 +37 +38 +39 +40 +41 +42 +43 +44 +45 +46 +47 +48 +49 +50 +51 +52 +53 +54 +55 +56 +57 +58 +59 +60 +61 +62 +63 +64 -110 -107 -118 +83 -80 -69 +104 +75 +72 +91 +66 +108 -93 +116 +103 +88 +86 -85 -119 +96 -67 -106 +117 +76 +109 +115 +89 +82 -100 -105 +78 -121 +111 -73 -79 +98 -124 -81 +101 -120 -112 +97 -113 +102 -71 -74 -90 +70 +99 -123 -84 +122 -87 -77 +68 +114 +92 -94 +65 -95)
(+1 +2 +3 +4 +5 +6 +7 +8 +9 +10 +11 +12 +13 +14 +15 +16 +17 +18 +19 +20 +21 +22 +23 +24 +25 +26 +27 +28 +29 +30 +31 +32 +33 +34 +35 +36 +37 +38 +39 +40 +41 +42 +43 +44 +45 +46 +47 +48 +49 +50 +51 +52 +53 +54 +55 +56 +57 +58 +59 +60 +61 +62 +63 +64 -65 +94 -92 -114 -68 +77 +87 -122 +84 +123 -99 -70 +90 +74 +71 -102 +113 -97 +112 +120 -101 +81 +124 -98 +79 +73 -111 +121 -78 +105 +100 -82 -89 -115 -109 -76 -117 +106 +67 -96 +119 +85 -86 -88 -103 -116 +93 -108 -66 -91 -72 -75 -104 +69 +80 -83 +118 +107 +110 -95)
(+1 +2 +3 +4 +5 +6 +7 +8 +9 +10 +11 +12 +13 +14 +15 +16 +17 +18 +19 +20 +21 +22 +23 +24 +25 +26 +27 +28 +29 +30 +31 +32 +33 +34 +35 +36 +37 +38 +39 +40 +41 +42 +43 +44 +45 +46 +47 +48 +49 +50 +51 +52 +53 +54 +55 +56 +57 +58 +59 +60 +61 +62 +63 +64 +65 +94 -92 -114 -68 +77 +87 -122 +84 +123 -99 -70 +90 +74 +71 -102 +113 -97 +112 +120 -101 +81 +124 -98 +79 +73 -111 +121 -78 +105 +100 -82 -89 -115 -109 -76 -117 +106 +67 -96 +119 +85 -86 -88 -103 -116 +93 -108 -66 -91 -72 -75 -104 +69 +80 -83 +118 +107 +110 -95)
(+1 +2 +3 +4 +5 +6 +7 +8 +9 +10 +11 +12 +13 +14 +15 +16 +17 +18 +19 +20 +21 +22 +23 +24 +25 +26 +27 +28 +29 +30 +31 +32 +33 +34 +35 +36 +37 +38 +39 +40 +41 +42 +43 +44 +45 +46 +47 +48 +49 +50 +51 +52 +53 +54 +55 +56 +57 +58 +59 +60 +61 +62 +63 +64 +65 +66 +108 -93 +116 +103 +88 +86 -85 -119 +96 -67 -106 +117 +76 +109 +115 +89 +82 -100 -105 +78 -121 +111 -73 -79 +98 -124 -81 +101 -120 -112 +97 -113 +102 -71 -74 -90 +70 +99 -123 -84 +122 -87 -77 +68 +114 +92 -94 -91 -72 -75 -104 +69 +80 -83 +118 +107 +110 -95)
(+1 +2 +3 +4 +5 +6 +7 +8 +9 +10 +11 +12 +13 +14 +15 +16 +17 +18 +19 +20 +21 +22 +23 +24 +25 +26 +27 +28 +29 +30 +31 +32 +33 +34 +35 +36 +37 +38 +39 +40 +41 +42 +43 +44 +45 +46 +47 +48 +49 +50 +51 +52 +53 +54 +55 +56 +57 +58 +59 +60 +61 +62 +63 +64 +65 +66 +67 -96 +119 +85 -86 -88 -103 -116 +93 -108 -106 +117 +76 +109 +115 +89 +82 -100 -105 +78 -121 +111 -73 -79 +98 -124 -81 +101 -120 -112 +97 -113 +102 -71 -74 -90 +70 +99 -123 -84 +122 -87 -77 +68 +114 +92 -94 -91 -72 -75 -104 +69 +80 -83 +118 +107 +110 -95)
(+1 +2 +3 +4 +5 +6 +7 +8 +9 +10 +11 +12 +13 +14 +15 +16 +17 +18 +19 +20 +21 +22 +23 +24 +25 +26 +27 +28 +29 +30 +31 +32 +33 +34 +35 +36 +37 +38 +39 +40 +41 +42 +43 +44 +45 +46 +47 +48 +49 +50 +51 +52 +53 +54 +55 +56 +57 +58 +59 +60 +61 +62 +63 +64 +65 +66 +67 -68 +77 +87 -122 +84 +123 -99 -70 +90 +74 +71 -102 +113 -97 +112 +120 -101 +81 +124 -98 +79 +73 -111 +121 -78 +105 +100 -82 -89 -115 -109 -76 -117 +106 +108 -93 +116 +103 +88 +86 -85 -119 +96 +114 +92 -94 -91 -72 -75 -104 +69 +80 -83 +118 +107 +110 -95)
(+1 +2 +3 +4 +5 +6 +7 +8 +9 +10 +11 +12 +13 +14 +15 +16 +17 +18 +19 +20 +21 +22 +23 +24 +25 +26 +27 +28 +29 +30 +31 +32 +33 +34 +35 +36 +37 +38 +39 +40 +41 +42 +43 +44 +45 +46 +47 +48 +49 +50 +51 +52 +53 +54 +55 +56 +57 +58 +59 +60 +61 +62 +63 +64 +65 +66 +67 +68 +77 +87 -122 +84 +123 -99 -70 +90 +74 +71 -102 +113 -97 +112 +120 -101 +81 +124 -98 +79 +73 -111 +121 -78 +105 +100 -82 -89 -115 -109 -76 -117 +106 +108 -93 +116 +103 +88 +86 -85 -119 +96 +114 +92 -94 -91 -72 -75 -104 +69 +80 -83 +118 +107 +110 -95)
(+1 +2 +3 +4 +5 +6 +7 +8 +9 +10 +11 +12 +13 +14 +15 +16 +17 +18 +19 +20 +21 +22 +23 +24 +25 +26 +27 +28 +29 +30 +31 +32 +33 +34 +35 +36 +37 +38 +39 +40 +41 +42 +43 +44 +45 +46 +47 +48 +49 +50 +51 +52 +53 +54 +55 +56 +57 +58 +59 +60 +61 +62 +63 +64 +65 +66 +67 +68 -69 +104 +75 +72 +91 +94 -92 -114 -96 +119 +85 -86 -88 -103 -116 +93 -108 -106 +117 +76 +109 +115 +89 +82 -100 -105 +78 -121 +111 -73 -79 +98 -124 -81 +101 -120 -112 +97 -113 +102 -71 -74 -90 +70 +99 -123 -84 +122 -87 -77 +80 -83 +118 +107 +110 -95)
(+1 +2 +3 +4 +5 +6 +7 +8 +9 +10 +11 +12 +13 +14 +15 +16 +17 +18 +19 +20 +21 +22 +23 +24 +25 +26 +27 +28 +29 +30 +31 +32 +33 +34 +35 +36 +37 +38 +39 +40 +41 +42 +43 +44 +45 +46 +47 +48 +49 +50 +51 +52 +53 +54 +55 +56 +57 +58 +59 +60 +61 +62 +63 +64 +65 +66 +67 +68 +69 +104 +75 +72 +91 +94 -92 -114 -96 +119 +85 -86 -88 -103 -116 +93 -108 -106 +117 +76 +109 +115 +89 +82 -100 -105 +78 -121 +111 -73 -79 +98 -124 -81 +101 -120 -112 +97 -113 +102 -71 -74 -90 +70 +99 -123 -84 +122 -87 -77 +80 -83 +118 +107 +110 -95)
(+1 +2 +3 +4 +5 +6 +7 +8 +9 +10 +11 +12 +13 +14 +15 +16 +17 +18 +19 +20 +21 +22 +23 +24 +25 +26 +27 +28 +29 +30 +31 +32 +33 +34 +35 +36 +37 +38 +39 +40 +41 +42 +43 +44 +45 +46 +47 +48 +49 +50 +51 +52 +53 +54 +55 +56 +57 +58 +59 +60 +61 +62 +63 +64 +65 +66 +67 +68 +69 -70 +90 +74 +71 -102 +113 -97 +112 +120 -101 +81 +124 -98 +79 +73 -111 +121 -78 +105 +100 -82 -89 -115 -109 -76 -117 +106 +108 -93 +116 +103 +88 +86 -85 -119 +96 +114 +92 -94 -91 -72 -75 -104 +99 -123 -84 +122 -87 -77 +80 -83 +118 +107 +110 -95)
(+1 +2 +3 +4 +5 +6 +7 +8 +9 +10 +11 +12 +13 +14 +15 +16 +17 +18 +19 +20 +21 +22 +23 +24 +25 +26 +27 +28 +29 +30 +31 +32 +33 +34 +35 +36 +37 +38 +39 +40 +41 +42 +43 +44 +45 +46 +47 +48 +49 +50 +51 +52 +53 +54 +55 +56 +57 +58 +59 +60 +61 +62 +63 +64 +65 +66 +67 +68 +69 +70 +90 +74 +71 -102 +113 -97 +112 +120 -101 +81 +124 -98 +79 +73 -111 +121 -78 +105 +100 -82 -89 -115 -109 -76 -117 +106 +108 -93 +116 +103 +88 +86 -85 -119 +96 +114 +92 -94 -91 -72 -75 -104 +99 -123 -84 +122 -87 -77 +80 -83 +118 +107 +110 -95)
(+1 +2 +3 +4 +5 +6 +7 +8 +9 +10 +11 +12 +13 +14 +15 +16 +17 +18 +19 +20 +21 +22 +23 +24 +25 +26 +27 +28 +29 +30 +31 +32 +33 +34 +35 +36 +37 +38 +39 +40 +41 +42 +43 +44 +45 +46 +47 +48 +49 +50 +51 +52 +53 +54 +55 +56 +57 +58 +59 +60 +61 +62 +63 +64 +65 +66 +67 +68 +69 +70 -71 -74 -90 -102 +113 -97 +112 +120 -101 +81 +124 -98 +79 +73 -111 +121 -78 +105 +100 -82 -89 -115 -109 -76 -117 +106 +108 -93 +116 +103 +88 +86 -85 -119 +96 +114 +92 -94 -91 -72 -75 -104 +99 -123 -84 +122 -87 -77 +80 -83 +118 +107 +110 -95)
(+1 +2 +3 +4 +5 +6 +7 +8 +9 +10 +11 +12 +13 +14 +15 +16 +17 +18 +19 +20 +21 +22 +23 +24 +25 +26 +27 +28 +29 +30 +31 +32 +33 +34 +35 +36 +37 +38 +39 +40 +41 +42 +43 +44 +45 +46 +47 +48 +49 +50 +51 +52 +53 +54 +55 +56 +57 +58 +59 +60 +61 +62 +63 +64 +65 +66 +67 +68 +69 +70 +71 -74 -90 -102 +113 -97 +112 +120 -101 +81 +124 -98 +79 +73 -111 +121 -78 +105 +100 -82 -89 -115 -109 -76 -117 +106 +108 -93 +116 +103 +88 +86 -85 -119 +96 +114 +92 -94 -91 -72 -75 -104 +99 -123 -84 +122 -87 -77 +80 -83 +118 +107 +110 -95)
(+1 +2 +3 +4 +5 +6 +7 +8 +9 +10 +11 +12 +13 +14 +15 +16 +17 +18 +19 +20 +21 +22 +23 +24 +25 +26 +27 +28 +29 +30 +31 +32 +33 +34 +35 +36 +37 +38 +39 +40 +41 +42 +43 +44 +45 +46 +47 +48 +49 +50 +51 +52 +53 +54 +55 +56 +57 +58 +59 +60 +61 +62 +63 +64 +65 +66 +67 +68 +69 +70 +71 +72 +91 +94 -92 -114 -96 +119 +85 -86 -88 -103 -116 +93 -108 -106 +117 +76 +109 +115 +89 +82 -100 -105 +78 -121 +111 -73 -79 +98 -124 -81 +101 -120 -112 +97 -113 +102 +90 +74 -75 -104 +99 -123 -84 +122 -87 -77 +80 -83 +118 +107 +110 -95)
(+1 +2 +3 +4 +5 +6 +7 +8 +9 +10 +11 +12 +13 +14 +15 +16 +17 +18 +19 +20 +21 +22 +23 +24 +25 +26 +27 +28 +29 +30 +31 +32 +33 +34 +35 +36 +37 +38 +39 +40 +41 +42 +43 +44 +45 +46 +47 +48 +49 +50 +51 +52 +53 +54 +55 +56 +57 +58 +59 +60 +61 +62 +63 +64 +65 +66 +67 +68 +69 +70 +71 +72 +73 -111 +121 -78 +105 +100 -82 -89 -115 -109 -76 -117 +106 +108 -93 +116 +103 +88 +86 -85 -119 +96 +114 +92 -94 -91 -79 +98 -124 -81 +101 -120 -112 +97 -113 +102 +90 +74 -75 -104 +99 -123 -84 +122 -87 -77 +80 -83 +118 +107 +110 -95)
(+1 +2 +3 +4 +5 +6 +7 +8 +9 +10 +11 +12 +13 +14 +15 +16 +17 +18 +19 +20 +21 +22 +23 +24 +25 +26 +27 +28 +29 +30 +31 +32 +33 +34 +35 +36 +37 +38 +39 +40 +41 +42 +43 +44 +45 +46 +47 +48 +49 +50 +51 +52 +53 +54 +55 +56 +57 +58 +59 +60 +61 +62 +63 +64 +65 +66 +67 +68 +69 +70 +71 +72 +73 -74 -90 -102 +113 -97 +112 +120 -101 +81 +124 -98 +79 +91 +94 -92 -114 -96 +119 +85 -86 -88 -103 -116 +93 -108 -106 +117 +76 +109 +115 +89 +82 -100 -105 +78 -121 +111 -75 -104 +99 -123 -84 +122 -87 -77 +80 -83 +118 +107 +110 -95)
(+1 +2 +3 +4 +5 +6 +7 +8 +9 +10 +11 +12 +13 +14 +15 +16 +17 +18 +19 +20 +21 +22 +23 +24 +25 +26 +27 +28 +29 +30 +31 +32 +33 +34 +35 +36 +37 +38 +39 +40 +41 +42 +43 +44 +45 +46 +47 +48 +49 +50 +51 +52 +53 +54 +55 +56 +57 +58 +59 +60 +61 +62 +63 +64 +65 +66 +67 +68 +69 +70 +71 +72 +73 +74 -90 -102 +113 -97 +112 +120 -101 +81 +124 -98 +79 +91 +94 -92 -114 -96 +119 +85 -86 -88 -103 -116 +93 -108 -106 +117 +76 +109 +115 +89 +82 -100 -105 +78 -121 +111 -75 -104 +99 -123 -84 +122 -87 -77 +80 -83 +118 +107 +110 -95)
(+1 +2 +3 +4 +5 +6 +7 +8 +9 +10 +11 +12 +13 +14 +15 +16 +17 +18 +19 +20 +21 +22 +23 +24 +25 +26 +27 +28 +29 +30 +31 +32 +33 +34 +35 +36 +37 +38 +39 +40 +41 +42 +43 +44 +45 +46 +47 +48 +49 +50 +51 +52 +53 +54 +55 +56 +57 +58 +59 +60 +61 +62 +63 +64 +65 +66 +67 +68 +69 +70 +71 +72 +73 +74 +75 -111 +121 -78 +105 +100 -82 -89 -115 -109 -76 -117 +106 +108 -93 +116 +103 +88 +86 -85 -119 +96 +114 +92 -94 -91 -79 +98 -124 -81 +101 -120 -112 +97 -113 +102 +90 -104 +99 -123 -84 +122 -87 -77 +80 -83 +118 +107 +110 -95)
(+1 +2 +3 +4 +5 +6 +7 +8 +9 +10 +11 +12 +13 +14 +15 +16 +17 +18 +19 +20 +21 +22 +23 +24 +25 +26 +27 +28 +29 +30 +31 +32 +33 +34 +35 +36 +37 +38 +39 +40 +41 +42 +43 +44 +45 +46 +47 +48 +49 +50 +51 +52 +53 +54 +55 +56 +57 +58 +59 +60 +61 +62 +63 +64 +65 +66 +67 +68 +69 +70 +71 +72 +73 +74 +75 +76 +109 +115 +89 +82 -100 -105 +78 -121 +111 -117 +106 +108 -93 +116 +103 +88 +86 -85 -119 +96 +114 +92 -94 -91 -79 +98 -124 -81 +101 -120 -112 +97 -113 +102 +90 -104 +99 -123 -84 +122 -87 -77 +80 -83 +118 +107 +110 -95)
(+1 +2 +3 +4 +5 +6 +7 +8 +9 +10 +11 +12 +13 +14 +15 +16 +17 +18 +19 +20 +21 +22 +23 +24 +25 +26 +27 +28 +29 +30 +31 +32 +33 +34 +35 +36 +37 +38 +39 +40 +41 +42 +43 +44 +45 +46 +47 +48 +49 +50 +51 +52 +53 +54 +55 +56 +57 +58 +59 +60 +61 +62 +63 +64 +65 +66 +67 +68 +69 +70 +71 +72 +73 +74 +75 +76 +77 +87 -122 +84 +123 -99 +104 -90 -102 +113 -97 +112 +120 -101 +81 +124 -98 +79 +91 +94 -92 -114 -96 +119 +85 -86 -88 -103 -116 +93 -108 -106 +117 -111 +121 -78 +105 +100 -82 -89 -115 -109 +80 -83 +118 +107 +110 -95)
(+1 +2 +3 +4 +5 +6 +7 +8 +9 +10 +11 +12 +13 +14 +15 +16 +17 +18 +19 +20 +21 +22 +23 +24 +25 +26 +27 +28 +29 +30 +31 +32 +33 +34 +35 +36 +37 +38 +39 +40 +41 +42 +43 +44 +45 +46 +47 +48 +49 +50 +51 +52 +53 +54 +55 +56 +57 +58 +59 +60 +61 +62 +63 +64 +65 +66 +67 +68 +69 +70 +71 +72 +73 +74 +75 +76 +77 +78 -121 +111 -117 +106 +108 -93 +116 +103 +88 +86 -85 -119 +96 +114 +92 -94 -91 -79 +98 -124 -81 +101 -120 -112 +97 -113 +102 +90 -104 +99 -123 -84 +122 -87 +105 +100 -82 -89 -115 -109 +80 -83 +118 +107 +110 -95)
(+1 +2 +3 +4 +5 +6 +7 +8 +9 +10 +11 +12 +13 +14 +15 +16 +17 +18 +19 +20 +21 +22 +23 +24 +25 +26 +27 +28 +29 +30 +31 +32 +33 +34 +35 +36 +37 +38 +39 +40 +41 +42 +43 +44 +45 +46 +47 +48 +49 +50 +51 +52 +53 +54 +55 +56 +57 +58 +59 +60 +61 +62 +63 +64 +65 +66 +67 +68 +69 +70 +71 +72 +73 +74 +75 +76 +77 +78 +79 +91 +94 -92 -114 -96 +119 +85 -86 -88 -103 -116 +93 -108 -106 +117 -111 +121 +98 -124 -81 +101 -120 -112 +97 -113 +102 +90 -104 +99 -123 -84 +122 -87 +105 +100 -82 -89 -115 -109 +80 -83 +118 +107 +110 -95)
(+1 +2 +3 +4 +5 +6 +7 +8 +9 +10 +11 +12 +13 +14 +15 +16 +17 +18 +19 +20 +21 +22 +23 +24 +25 +26 +27 +28 +29 +30 +31 +32 +33 +34 +35 +36 +37 +38 +39 +40 +41 +42 +43 +44 +45 +46 +47 +48 +49 +50 +51 +52 +53 +54 +55 +56 +57 +58 +59 +60 +61 +62 +63 +64 +65 +66 +67 +68 +69 +70 +71 +72 +73 +74 +75 +76 +77 +78 +79 -80 +109 +115 +89 +82 -100 -105 +87 -122 +84 +123 -99 +104 -90 -102 +113 -97 +112 +120 -101 +81 +124 -98 -121 +111 -117 +106 +108 -93 +116 +103 +88 +86 -85 -119 +96 +114 +92 -94 -91 -83 +118 +107 +110 -95)
(+1 +2 +3 +4 +5 +6 +7 +8 +9 +10 +11 +12 +13 +14 +15 +16 +17 +18 +19 +20 +21 +22 +23 +24 +25 +26 +27 +28 +29 +30 +31 +32 +33 +34 +35 +36 +37 +38 +39 +40 +41 +42 +43 +44 +45 +46 +47 +48 +49 +50 +51 +52 +53 +54 +55 +56 +57 +58 +59 +60 +61 +62 +63 +64 +65 +66 +67 +68 +69 +70 +71 +72 +73 +74 +75 +76 +77 +78 +79 +80 +109 +115 +89 +82 -100 -105 +87 -122 +84 +123 -99 +104 -90 -102 +113 -97 +112 +120 -101 +81 +124 -98 -121 +111 -117 +106 +108 -93 +116 +103 +88 +86 -85 -119 +96 +114 +92 -94 -91 -83 +118 +107 +110 -95)
(+1 +2 +3 +4 +5 +6 +7 +8 +9 +10 +11 +12 +13 +14 +15 +16 +17 +18 +19 +20 +21 +22 +23 +24 +25 +26 +27 +28 +29 +30 +31 +32 +33 +34 +35 +36 +37 +38 +39 +40 +41 +42 +43 +44 +45 +46 +47 +48 +49 +50 +51 +52 +53 +54 +55 +56 +57 +58 +59 +60 +61 +62 +63 +64 +65 +66 +67 +68 +69 +70 +71 +72 +73 +74 +75 +76 +77 +78 +79 +80 -81 +101 -120 -112 +97 -113 +102 +90 -104 +99 -123 -84 +122 -87 +105 +100 -82 -89 -115 -109 +124 -98 -121 +111 -117 +106 +108 -93 +116 +103 +88 +86 -85 -119 +96 +114 +92 -94 -91 -83 +118 +107 +110 -95)
(+1 +2 +3 +4 +5 +6 +7 +8 +9 +10 +11 +12 +13 +14 +15 +16 +17 +18 +19 +20 +21 +22 +23 +24 +25 +26 +27 +28 +29 +30 +31 +32 +33 +34 +35 +36 +37 +38 +39 +40 +41 +42 +43 +44 +45 +46 +47 +48 +49 +50 +51 +52 +53 +54 +55 +56 +57 +58 +59 +60 +61 +62 +63 +64 +65 +66 +67 +68 +69 +70 +71 +72 +73 +74 +75 +76 +77 +78 +79 +80 +81 +101 -120 -112 +97 -113 +102 +90 -104 +99 -123 -84 +122 -87 +105 +100 -82 -89 -115 -109 +124 -98 -121 +111 -117 +106 +108 -93 +116 +103 +88 +86 -85 -119 +96 +114 +92 -94 -91 -83 +118 +107 +110 -95)
(+1 +2 +3 +4 +5 +6 +7 +8 +9 +10 +11 +12 +13 +14 +15 +16 +17 +18 +19 +20 +21 +22 +23 +24 +25 +26 +27 +28 +29 +30 +31 +32 +33 +34 +35 +36 +37 +38 +39 +40 +41 +42 +43 +44 +45 +46 +47 +48 +49 +50 +51 +52 +53 +54 +55 +56 +57 +58 +59 +60 +61 +62 +63 +64 +65 +66 +67 +68 +69 +70 +71 +72 +73 +74 +75 +76 +77 +78 +79 +80 +81 +82 -100 -105 +87 -122 +84 +123 -99 +104 -90 -102 +113 -97 +112 +120 -101 -89 -115 -109 +124 -98 -121 +111 -117 +106 +108 -93 +116 +103 +88 +86 -85 -119 +96 +114 +92 -94 -91 -83 +118 +107 +110 -95)
(+1 +2 +3 +4 +5 +6 +7 +8 +9 +10 +11 +12 +13 +14 +15 +16 +17 +18 +19 +20 +21 +22 +23 +24 +25 +26 +27 +28 +29 +30 +31 +32 +33 +34 +35 +36 +37 +38 +39 +40 +41 +42 +43 +44 +45 +46 +47 +48 +49 +50 +51 +52 +53 +54 +55 +56 +57 +58 +59 +60 +61 +62 +63 +64 +65 +66 +67 +68 +69 +70 +71 +72 +73 +74 +75 +76 +77 +78 +79 +80 +81 +82 +83 +91 +94 -92 -114 -96 +119 +85 -86 -88 -103 -116 +93 -108 -106 +117 -111 +121 +98 -124 +109 +115 +89 +101 -120 -112 +97 -113 +102 +90 -104 +99 -123 -84 +122 -87 +105 +100 +118 +107 +110 -95)
(+1 +2 +3 +4 +5 +6 +7 +8 +9 +10 +11 +12 +13 +14 +15 +16 +17 +18 +19 +20 +21 +22 +23 +24 +25 +26 +27 +28 +29 +30 +31 +32 +33 +34 +35 +36 +37 +38 +39 +40 +41 +42 +43 +44 +45 +46 +47 +48 +49 +50 +51 +52 +53 +54 +55 +56 +57 +58 +59 +60 +61 +62 +63 +64 +65 +66 +67 +68 +69 +70 +71 +72 +73 +74 +75 +76 +77 +78 +79 +80 +81 +82 +83 +84 +123 -99 +104 -90 -102 +113 -97 +112 +120 -101 -89 -115 -109 +124 -98 -121 +111 -117 +106 +108 -93 +116 +103 +88 +86 -85 -119 +96 +114 +92 -94 -91 +122 -87 +105 +100 +118 +107 +110 -95)
(+1 +2 +3 +4 +5 +6 +7 +8 +9 +10 +11 +12 +13 +14 +15 +16 +17 +18 +19 +20 +21 +22 +23 +24 +25 +26 +27 +28 +29 +30 +31 +32 +33 +34 +35 +36 +37 +38 +39 +40 +41 +42 +43 +44 +45 +46 +47 +48 +49 +50 +51 +52 +53 +54 +55 +56 +57 +58 +59 +60 +61 +62 +63 +64 +65 +66 +67 +68 +69 +70 +71 +72 +73 +74 +75 +76 +77 +78 +79 +80 +81 +82 +83 +84 +85 -86 -88 -103 -116 +93 -108 -106 +117 -111 +121 +98 -124 +109 +115 +89 +101 -120 -112 +97 -113 +102 +90 -104 +99 -123 -119 +96 +114 +92 -94 -91 +122 -87 +105 +100 +118 +107 +110 -95)
(+1 +2 +3 +4 +5 +6 +7 +8 +9 +10 +11 +12 +13 +14 +15 +16 +17 +18 +19 +20 +21 +22 +23 +24 +25 +26 +27 +28 +29 +30 +31 +32 +33 +34 +35 +36 +37 +38 +39 +40 +41 +42 +43 +44 +45 +46 +47 +48 +49 +50 +51 +52 +53 +54 +55 +56 +57 +58 +59 +60 +61 +62 +63 +64 +65 +66 +67 +68 +69 +70 +71 +72 +73 +74 +75 +76 +77 +78 +79 +80 +81 +82 +83 +84 +85 +86 -88 -103 -116 +93 -108 -106 +117 -111 +121 +98 -124 +109 +115 +89 +101 -120 -112 +97 -113 +102 +90 -104 +99 -123 -119 +96 +114 +92 -94 -91 +122 -87 +105 +100 +118 +107 +110 -95)
(+1 +2 +3 +4 +5 +6 +7 +8 +9 +10 +11 +12 +13 +14 +15 +16 +17 +18 +19 +20 +21 +22 +23 +24 +25 +26 +27 +28 +29 +30 +31 +32 +33 +34 +35 +36 +37 +38 +39 +40 +41 +42 +43 +44 +45 +46 +47 +48 +49 +50 +51 +52 +53 +54 +55 +56 +57 +58 +59 +60 +61 +62 +63 +64 +65 +66 +67 +68 +69 +70 +71 +72 +73 +74 +75 +76 +77 +78 +79 +80 +81 +82 +83 +84 +85 +86 +87 -122 +91 +94 -92 -114 -96 +119 +123 -99 +104 -90 -102 +113 -97 +112 +120 -101 -89 -115 -109 +124 -98 -121 +111 -117 +106 +108 -93 +116 +103 +88 +105 +100 +118 +107 +110 -95)
(+1 +2 +3 +4 +5 +6 +7 +8 +9 +10 +11 +12 +13 +14 +15 +16 +17 +18 +19 +20 +21 +22 +23 +24 +25 +26 +27 +28 +29 +30 +31 +32 +33 +34 +35 +36 +37 +38 +39 +40 +41 +42 +43 +44 +45 +46 +47 +48 +49 +50 +51 +52 +53 +54 +55 +56 +57 +58 +59 +60 +61 +62 +63 +64 +65 +66 +67 +68 +69 +70 +71 +72 +73 +74 +75 +76 +77 +78 +79 +80 +81 +82 +83 +84 +85 +86 +87 -88 -103 -116 +93 -108 -106 +117 -111 +121 +98 -124 +109 +115 +89 +101 -120 -112 +97 -113 +102 +90 -104 +99 -123 -119 +96 +114 +92 -94 -91 +122 +105 +100 +118 +107 +110 -95)
(+1 +2 +3 +4 +5 +6 +7 +8 +9 +10 +11 +12 +13 +14 +15 +16 +17 +18 +19 +20 +21 +22 +23 +24 +25 +26 +27 +28 +29 +30 +31 +32 +33 +34 +35 +36 +37 +38 +39 +40 +41 +42 +43 +44 +45 +46 +47 +48 +49 +50 +51 +52 +53 +54 +55 +56 +57 +58 +59 +60 +61 +62 +63 +64 +65 +66 +67 +68 +69 +70 +71 +72 +73 +74 +75 +76 +77 +78 +79 +80 +81 +82 +83 +84 +85 +86 +87 +88 -103 -116 +93 -108 -106 +117 -111 +121 +98 -124 +109 +115 +89 +101 -120 -112 +97 -113 +102 +90 -104 +99 -123 -119 +96 +114 +92 -94 -91 +122 +105 +100 +118 +107 +110 -95)
(+1 +2 +3 +4 +5 +6 +7 +8 +9 +10 +11 +12 +13 +14 +15 +16 +17 +18 +19 +20 +21 +22 +23 +24 +25 +26 +27 +28 +29 +30 +31 +32 +33 +34 +35 +36 +37 +38 +39 +40 +41 +42 +43 +44 +45 +46 +47 +48 +49 +50 +51 +52 +53 +54 +55 +56 +57 +58 +59 +60 +61 +62 +63 +64 +65 +66 +67 +68 +69 +70 +71 +72 +73 +74 +75 +76 +77 +78 +79 +80 +81 +82 +83 +84 +85 +86 +87 +88 -89 -115 -109 +124 -98 -121 +111 -117 +106 +108 -93 +116 +103 +101 -120 -112 +97 -113 +102 +90 -104 +99 -123 -119 +96 +114 +92 -94 -91 +122 +105 +100 +118 +107 +110 -95)
(+1 +2 +3 +4 +5 +6 +7 +8 +9 +10 +11 +12 +13 +14 +15 +16 +17 +18 +19 +20 +21 +22 +23 +24 +25 +26 +27 +28 +29 +30 +31 +32 +33 +34 +35 +36 +37 +38 +39 +40 +41 +42 +43 +44 +45 +46 +47 +48 +49 +50 +51 +52 +53 +54 +55 +56 +57 +58 +59 +60 +61 +62 +63 +64 +65 +66 +67 +68 +69 +70 +71 +72 +73 +74 +75 +76 +77 +78 +79 +80 +81 +82 +83 +84 +85 +86 +87 +88 +89 -115 -109 +124 -98 -121 +111 -117 +106 +108 -93 +116 +103 +101 -120 -112 +97 -113 +102 +90 -104 +99 -123 -119 +96 +114 +92 -94 -91 +122 +105 +100 +118 +107 +110 -95)
(+1 +2 +3 +4 +5 +6 +7 +8 +9 +10 +11 +12 +13 +14 +15 +16 +17 +18 +19 +20 +21 +22 +23 +24 +25 +26 +27 +28 +29 +30 +31 +32 +33 +34 +35 +36 +37 +38 +39 +40 +41 +42 +43 +44 +45 +46 +47 +48 +49 +50 +51 +52 +53 +54 +55 +56 +57 +58 +59 +60 +61 +62 +63 +64 +65 +66 +67 +68 +69 +70 +71 +72 +73 +74 +75 +76 +77 +78 +79 +80 +81 +82 +83 +84 +85 +86 +87 +88 +89 -90 -102 +113 -97 +112 +120 -101 -103 -116 +93 -108 -106 +117 -111 +121 +98 -124 +109 +115 -104 +99 -123 -119 +96 +114 +92 -94 -91 +122 +105 +100 +118 +107 +110 -95)
(+1 +2 +3 +4 +5 +6 +7 +8 +9 +10 +11 +12 +13 +14 +15 +16 +17 +18 +19 +20 +21 +22 +23 +24 +25 +26 +27 +28 +29 +30 +31 +32 +33 +34 +35 +36 +37 +38 +39 +40 +41 +42 +43 +44 +45 +46 +47 +48 +49 +50 +51 +52 +53 +54 +55 +56 +57 +58 +59 +60 +61 +62 +63 +64 +65 +66 +67 +68 +69 +70 +71 +72 +73 +74 +75 +76 +77 +78 +79 +80 +81 +82 +83 +84 +85 +86 +87 +88 +89 +90 -102 +113 -97 +112 +120 -101 -103 -116 +93 -108 -106 +117 -111 +121 +98 -124 +109 +115 -104 +99 -123 -119 +96 +114 +92 -94 -91 +122 +105 +100 +118 +107 +110 -95)
(+1 +2 +3 +4 +5 +6 +7 +8 +9 +10 +11 +12 +13 +14 +15 +16 +17 +18 +19 +20 +21 +22 +23 +24 +25 +26 +27 +28 +29 +30 +31 +32 +33 +34 +35 +36 +37 +38 +39 +40 +41 +42 +43 +44 +45 +46 +47 +48 +49 +50 +51 +52 +53 +54 +55 +56 +57 +58 +59 +60 +61 +62 +63 +64 +65 +66 +67 +68 +69 +70 +71 +72 +73 +74 +75 +76 +77 +78 +79 +80 +81 +82 +83 +84 +85 +86 +87 +88 +89 +90 +91 +94 -92 -114 -96 +119 +123 -99 +104 -115 -109 +124 -98 -121 +111 -117 +106 +108 -93 +116 +103 +101 -120 -112 +97 -113 +102 +122 +105 +100 +118 +107 +110 -95)
(+1 +2 +3 +4 +5 +6 +7 +8 +9 +10 +11 +12 +13 +14 +15 +16 +17 +18 +19 +20 +21 +22 +23 +24 +25 +26 +27 +28 +29 +30 +31 +32 +33 +34 +35 +36 +37 +38 +39 +40 +41 +42 +43 +44 +45 +46 +47 +48 +49 +50 +51 +52 +53 +54 +55 +56 +57 +58 +59 +60 +61 +62 +63 +64 +65 +66 +67 +68 +69 +70 +71 +72 +73 +74 +75 +76 +77 +78 +79 +80 +81 +82 +83 +84 +85 +86 +87 +88 +89 +90 +91 +92 -94 -114 -96 +119 +123 -99 +104 -115 -109 +124 -98 -121 +111 -117 +106 +108 -93 +116 +103 +101 -120 -112 +97 -113 +102 +122 +105 +100 +118 +107 +110 -95)
(+1 +2 +3 +4 +5 +6 +7 +8 +9 +10 +11 +12 +13 +14 +15 +16 +17 +18 +19 +20 +21 +22 +23 +24 +25 +26 +27 +28 +29 +30 +31 +32 +33 +34 +35 +36 +37 +38 +39 +40 +41 +42 +43 +44 +45 +46 +47 +48 +49 +50 +51 +52 +53 +54 +55 +56 +57 +58 +59 +60 +61 +62 +63 +64 +65 +66 +67 +68 +69 +70 +71 +72 +73 +74 +75 +76 +77 +78 +79 +80 +81 +82 +83 +84 +85 +86 +87 +88 +89 +90 +91 +92 +93 -108 -106 +117 -111 +121 +98 -124 +109 +115 -104 +99 -123 -119 +96 +114 +94 +116 +103 +101 -120 -112 +97 -113 +102 +122 +105 +100 +118 +107 +110 -95)
(+1 +2 +3 +4 +5 +6 +7 +8 +9 +10 +11 +12 +13 +14 +15 +16 +17 +18 +19 +20 +21 +22 +23 +24 +25 +26 +27 +28 +29 +30 +31 +32 +33 +34 +35 +36 +37 +38 +39 +40 +41 +42 +43 +44 +45 +46 +47 +48 +49 +50 +51 +52 +53 +54 +55 +56 +57 +58 +59 +60 +61 +62 +63 +64 +65 +66 +67 +68 +69 +70 +71 +72 +73 +74 +75 +76 +77 +78 +79 +80 +81 +82 +83 +84 +85 +86 +87 +88 +89 +90 +91 +92 +93 -94 -114 -96 +119 +123 -99 +104 -115 -109 +124 -98 -121 +111 -117 +106 +108 +116 +103 +101 -120 -112 +97 -113 +102 +122 +105 +100 +118 +107 +110 -95)
(+1 +2 +3 +4 +5 +6 +7 +8 +9 +10 +11 +12 +13 +14 +15 +16 +17 +18 +19 +20 +21 +22 +23 +24 +25 +26 +27 +28 +29 +30 +31 +32 +33 +34 +35 +36 +37 +38 +39 +40 +41 +42 +43 +44 +45 +46 +47 +48 +49 +50 +51 +52 +53 +54 +55 +56 +57 +58 +59 +60 +61 +62 +63 +64 +65 +66 +67 +68 +69 +70 +71 +72 +73 +74 +75 +76 +77 +78 +79 +80 +81 +82 +83 +84 +85 +86 +87 +88 +89 +90 +91 +92 +93 +94 -114 -96 +119 +123 -99 +104 -115 -109 +124 -98 -121 +111 -117 +106 +108 +116 +103 +101 -120 -112 +97 -113 +102 +122 +105 +100 +118 +107 +110 -95)
(+1 +2 +3 +4 +5 +6 +7 +8 +9 +10 +11 +12 +13 +14 +15 +16 +17 +18 +19 +20 +21 +22 +23 +24 +25 +26 +27 +28 +29 +30 +31 +32 +33 +34 +35 +36 +37 +38 +39 +40 +41 +42 +43 +44 +45 +46 +47 +48 +49 +50 +51 +52 +53 +54 +55 +56 +57 +58 +59 +60 +61 +62 +63 +64 +65 +66 +67 +68 +69 +70 +71 +72 +73 +74 +75 +76 +77 +78 +79 +80 +81 +82 +83 +84 +85 +86 +87 +88 +89 +90 +91 +92 +93 +94 +95 -110 -107 -118 -100 -105 -122 -102 +113 -97 +112 +120 -101 -103 -116 -108 -106 +117 -111 +121 +98 -124 +109 +115 -104 +99 -123 -119 +96 +114)
(+1 +2 +3 +4 +5 +6 +7 +8 +9 +10 +11 +12 +13 +14 +15 +16 +17 +18 +19 +20 +21 +22 +23 +24 +25 +26 +27 +28 +29 +30 +31 +32 +33 +34 +35 +36 +37 +38 +39 +40 +41 +42 +43 +44 +45 +46 +47 +48 +49 +50 +51 +52 +53 +54 +55 +56 +57 +58 +59 +60 +61 +62 +63 +64 +65 +66 +67 +68 +69 +70 +71 +72 +73 +74 +75 +76 +77 +78 +79 +80 +81 +82 +83 +84 +85 +86 +87 +88 +89 +90 +91 +92 +93 +94 +95 -96 +119 +123 -99 +104 -115 -109 +124 -98 -121 +111 -117 +106 +108 +116 +103 +101 -120 -112 +97 -113 +102 +122 +105 +100 +118 +107 +110 +114)
(+1 +2 +3 +4 +5 +6 +7 +8 +9 +10 +11 +12 +13 +14 +15 +16 +17 +18 +19 +20 +21 +22 +23 +24 +25 +26 +27 +28 +29 +30 +31 +32 +33 +34 +35 +36 +37 +38 +39 +40 +41 +42 +43 +44 +45 +46 +47 +48 +49 +50 +51 +52 +53 +54 +55 +56 +57 +58 +59 +60 +61 +62 +63 +64 +65 +66 +67 +68 +69 +70 +71 +72 +73 +74 +75 +76 +77 +78 +79 +80 +81 +82 +83 +84 +85 +86 +87 +88 +89 +90 +91 +92 +93 +94 +95 +96 +119 +123 -99 +104 -115 -109 +124 -98 -121 +111 -117 +106 +108 +116 +103 +101 -120 -112 +97 -113 +102 +122 +105 +100 +118 +107 +110 +114)
(+1 +2 +3 +4 +5 +6 +7 +8 +9 +10 +11 +12 +13 +14 +15 +16 +17 +18 +19 +20 +21 +22 +23 +24 +25 +26 +27 +28 +29 +30 +31 +32 +33 +34 +35 +36 +37 +38 +39 +40 +41 +42 +43 +44 +45 +46 +47 +48 +49 +50 +51 +52 +53 +54 +55 +56 +57 +58 +59 +60 +61 +62 +63 +64 +65 +66 +67 +68 +69 +70 +71 +72 +73 +74 +75 +76 +77 +78 +79 +80 +81 +82 +83 +84 +85 +86 +87 +88 +89 +90 +91 +92 +93 +94 +95 +96 -97 +112 +120 -101 -103 -116 -108 -106 +117 -111 +121 +98 -124 +109 +115 -104 +99 -123 -119 -113 +102 +122 +105 +100 +118 +107 +110 +114)
(+1 +2 +3 +4 +5 +6 +7 +8 +9 +10 +11 +12 +13 +14 +15 +16 +17 +18 +19 +20 +21 +22 +23 +24 +25 +26 +27 +28 +29 +30 +31 +32 +33 +34 +35 +36 +37 +38 +39 +40 +41 +42 +43 +44 +45 +46 +47 +48 +49 +50 +51 +52 +53 +54 +55 +56 +57 +58 +59 +60 +61 +62 +63 +64 +65 +66 +67 +68 +69 +70 +71 +72 +73 +74 +75 +76 +77 +78 +79 +80 +81 +82 +83 +84 +85 +86 +87 +88 +89 +90 +91 +92 +93 +94 +95 +96 +97 +112 +120 -101 -103 -116 -108 -106 +117 -111 +121 +98 -124 +109 +115 -104 +99 -123 -119 -113 +102 +122 +105 +100 +118 +107 +110 +114)
(+1 +2 +3 +4 +5 +6 +7 +8 +9 +10 +11 +12 +13 +14 +15 +16 +17 +18 +19 +20 +21 +22 +23 +24 +25 +26 +27 +28 +29 +30 +31 +32 +33 +34 +35 +36 +37 +38 +39 +40 +41 +42 +43 +44 +45 +46 +47 +48 +49 +50 +51 +52 +53 +54 +55 +56 +57 +58 +59 +60 +61 +62 +63 +64 +65 +66 +67 +68 +69 +70 +71 +72 +73 +74 +75 +76 +77 +78 +79 +80 +81 +82 +83 +84 +85 +86 +87 +88 +89 +90 +91 +92 +93 +94 +95 +96 +97 -98 -121 +111 -117 +106 +108 +116 +103 +101 -120 -112 -124 +109 +115 -104 +99 -123 -119 -113 +102 +122 +105 +100 +118 +107 +110 +114)
(+1 +2 +3 +4 +5 +6 +7 +8 +9 +10 +11 +12 +13 +14 +15 +16 +17 +18 +19 +20 +21 +22 +23 +24 +25 +26 +27 +28 +29 +30 +31 +32 +33 +34 +35 +36 +37 +38 +39 +40 +41 +42 +43 +44 +45 +46 +47 +48 +49 +50 +51 +52 +53 +54 +55 +56 +57 +58 +59 +60 +61 +62 +63 +64 +65 +66 +67 +68 +69 +70 +71 +72 +73 +74 +75 +76 +77 +78 +79 +80 +81 +82 +83 +84 +85 +86 +87 +88 +89 +90 +91 +92 +93 +94 +95 +96 +97 +98 -121 +111 -117 +106 +108 +116 +103 +101 -120 -112 -124 +109 +115 -104 +99 -123 -119 -113 +102 +122 +105 +100 +118 +107 +110 +114)
(+1 +2 +3 +4 +5 +6 +7 +8 +9 +10 +11 +12 +13 +14 +15 +16 +17 +18 +19 +20 +21 +22 +23 +24 +25 +26 +27 +28 +29 +30 +31 +32 +33 +34 +35 +36 +37 +38 +39 +40 +41 +42 +43 +44 +45 +46 +47 +48 +49 +50 +51 +52 +53 +54 +55 +56 +57 +58 +59 +60 +61 +62 +63 +64 +65 +66 +67 +68 +69 +70 +71 +72 +73 +74 +75 +76 +77 +78 +79 +80 +81 +82 +83 +84 +85 +86 +87 +88 +89 +90 +91 +92 +93 +94 +95 +96 +97 +98 -99 +104 -115 -109 +124 +112 +120 -101 -103 -116 -108 -106 +117 -111 +121 -123 -119 -113 +102 +122 +105 +100 +118 +107 +110 +114)
(+1 +2 +3 +4 +5 +6 +7 +8 +9 +10 +11 +12 +13 +14 +15 +16 +17 +18 +19 +20 +21 +22 +23 +24 +25 +26 +27 +28 +29 +30 +31 +32 +33 +34 +35 +36 +37 +38 +39 +40 +41 +42 +43 +44 +45 +46 +47 +48 +49 +50 +51 +52 +53 +54 +55 +56 +57 +58 +59 +60 +61 +62 +63 +64 +65 +66 +67 +68 +69 +70 +71 +72 +73 +74 +75 +76 +77 +78 +79 +80 +81 +82 +83 +84 +85 +86 +87 +88 +89 +90 +91 +92 +93 +94 +95 +96 +97 +98 +99 +104 -115 -109 +124 +112 +120 -101 -103 -116 -108 -106 +117 -111 +121 -123 -119 -113 +102 +122 +105 +100 +118 +107 +110 +114)
(+1 +2 +3 +4 +5 +6 +7 +8 +9 +10 +11 +12 +13 +14 +15 +16 +17 +18 +19 +20 +21 +22 +23 +24 +25 +26 +27 +28 +29 +30 +31 +32 +33 +34 +35 +36 +37 +38 +39 +40 +41 +42 +43 +44 +45 +46 +47 +48 +49 +50 +51 +52 +53 +54 +55 +56 +57 +58 +59 +60 +61 +62 +63 +64 +65 +66 +67 +68 +69 +70 +71 +72 +73 +74 +75 +76 +77 +78 +79 +80 +81 +82 +83 +84 +85 +86 +87 +88 +89 +90 +91 +92 +93 +94 +95 +96 +97 +98 +99 -100 -105 -122 -102 +113 +119 +123 -121 +111 -117 +106 +108 +116 +103 +101 -120 -112 -124 +109 +115 -104 +118 +107 +110 +114)
(+1 +2 +3 +4 +5 +6 +7 +8 +9 +10 +11 +12 +13 +14 +15 +16 +17 +18 +19 +20 +21 +22 +23 +24 +25 +26 +27 +28 +29 +30 +31 +32 +33 +34 +35 +36 +37 +38 +39 +40 +41 +42 +43 +44 +45 +46 +47 +48 +49 +50 +51 +52 +53 +54 +55 +56 +57 +58 +59 +60 +61 +62 +63 +64 +65 +66 +67 +68 +69 +70 +71 +72 +73 +74 +75 +76 +77 +78 +79 +80 +81 +82 +83 +84 +85 +86 +87 +88 +89 +90 +91 +92 +93 +94 +95 +96 +97 +98 +99 +100 -105 -122 -102 +113 +119 +123 -121 +111 -117 +106 +108 +116 +103 +101 -120 -112 -124 +109 +115 -104 +118 +107 +110 +114)
(+1 +2 +3 +4 +5 +6 +7 +8 +9 +10 +11 +12 +13 +14 +15 +16 +17 +18 +19 +20 +21 +22 +23 +24 +25 +26 +27 +28 +29 +30 +31 +32 +33 +34 +35 +36 +37 +38 +39 +40 +41 +42 +43 +44 +45 +46 +47 +48 +49 +50 +51 +52 +53 +54 +55 +56 +57 +58 +59 +60 +61 +62 +63 +64 +65 +66 +67 +68 +69 +70 +71 +72 +73 +74 +75 +76 +77 +78 +79 +80 +81 +82 +83 +84 +85 +86 +87 +88 +89 +90 +91 +92 +93 +94 +95 +96 +97 +98 +99 +100 -101 -103 -116 -108 -106 +117 -111 +121 -123 -119 -113 +102 +122 +105 -120 -112 -124 +109 +115 -104 +118 +107 +110 +114)
(+1 +2 +3 +4 +5 +6 +7 +8 +9 +10 +11 +12 +13 +14 +15 +16 +17 +18 +19 +20 +21 +22 +23 +24 +25 +26 +27 +28 +29 +30 +31 +32 +33 +34 +35 +36 +37 +38 +39 +40 +41 +42 +43 +44 +45 +46 +47 +48 +49 +50 +51 +52 +53 +54 +55 +56 +57 +58 +59 +60 +61 +62 +63 +64 +65 +66 +67 +68 +69 +70 +71 +72 +73 +74 +75 +76 +77 +78 +79 +80 +81 +82 +83 +84 +85 +86 +87 +88 +89 +90 +91 +92 +93 +94 +95 +96 +97 +98 +99 +100 +101 -103 -116 -108 -106 +117 -111 +121 -123 -119 -113 +102 +122 +105 -120 -112 -124 +109 +115 -104 +118 +107 +110 +114)
(+1 +2 +3 +4 +5 +6 +7 +8 +9 +10 +11 +12 +13 +14 +15 +16 +17 +18 +19 +20 +21 +22 +23 +24 +25 +26 +27 +28 +29 +30 +31 +32 +33 +34 +35 +36 +37 +38 +39 +40 +41 +42 +43 +44 +45 +46 +47 +48 +49 +50 +51 +52 +53 +54 +55 +56 +57 +58 +59 +60 +61 +62 +63 +64 +65 +66 +67 +68 +69 +70 +71 +72 +73 +74 +75 +76 +77 +78 +79 +80 +81 +82 +83 +84 +85 +86 +87 +88 +89 +90 +91 +92 +93 +94 +95 +96 +97 +98 +99 +100 +101 -102 +113 +119 +123 -121 +111 -117 +106 +108 +116 +103 +122 +105 -120 -112 -124 +109 +115 -104 +118 +107 +110 +114)
(+1 +2 +3 +4 +5 +6 +7 +8 +9 +10 +11 +12 +13 +14 +15 +16 +17 +18 +19 +20 +21 +22 +23 +24 +25 +26 +27 +28 +29 +30 +31 +32 +33 +34 +35 +36 +37 +38 +39 +40 +41 +42 +43 +44 +45 +46 +47 +48 +49 +50 +51 +52 +53 +54 +55 +56 +57 +58 +59 +60 +61 +62 +63 +64 +65 +66 +67 +68 +69 +70 +71 +72 +73 +74 +75 +76 +77 +78 +79 +80 +81 +82 +83 +84 +85 +86 +87 +88 +89 +90 +91 +92 +93 +94 +95 +96 +97 +98 +99 +100 +101 +102 +113 +119 +123 -121 +111 -117 +106 +108 +116 +103 +122 +105 -120 -112 -124 +109 +115 -104 +118 +107 +110 +114)
(+1 +2 +3 +4 +5 +6 +7 +8 +9 +10 +11 +12 +13 +14 +15 +16 +17 +18 +19 +20 +21 +22 +23 +24 +25 +26 +27 +28 +29 +30 +31 +32 +33 +34 +35 +36 +37 +38 +39 +40 +41 +42 +43 +44 +45 +46 +47 +48 +49 +50 +51 +52 +53 +54 +55 +56 +57 +58 +59 +60 +61 +62 +63 +64 +65 +66 +67 +68 +69 +70 +71 +72 +73 +74 +75 +76 +77 +78 +79 +80 +81 +82 +83 +84 +85 +86 +87 +88 +89 +90 +91 +92 +93 +94 +95 +96 +97 +98 +99 +100 +101 +102 -103 -116 -108 -106 +117 -111 +121 -123 -119 -113 +122 +105 -120 -112 -124 +109 +115 -104 +118 +107 +110 +114)
(+1 +2 +3 +4 +5 +6 +7 +8 +9 +10 +11 +12 +13 +14 +15 +16 +17 +18 +19 +20 +21 +22 +23 +24 +25 +26 +27 +28 +29 +30 +31 +32 +33 +34 +35 +36 +37 +38 +39 +40 +41 +42 +43 +44 +45 +46 +47 +48 +49 +50 +51 +52 +53 +54 +55 +56 +57 +58 +59 +60 +61 +62 +63 +64 +65 +66 +67 +68 +69 +70 +71 +72 +73 +74 +75 +76 +77 +78 +79 +80 +81 +82 +83 +84 +85 +86 +87 +88 +89 +90 +91 +92 +93 +94 +95 +96 +97 +98 +99 +100 +101 +102 +103 -116 -108 -106 +117 -111 +121 -123 -119 -113 +122 +105 -120 -112 -124 +109 +115 -104 +118 +107 +110 +114)
(+1 +2 +3 +4 +5 +6 +7 +8 +9 +10 +11 +12 +13 +14 +15 +16 +17 +18 +19 +20 +21 +22 +23 +24 +25 +26 +27 +28 +29 +30 +31 +32 +33 +34 +35 +36 +37 +38 +39 +40 +41 +42 +43 +44 +45 +46 +47 +48 +49 +50 +51 +52 +53 +54 +55 +56 +57 +58 +59 +60 +61 +62 +63 +64 +65 +66 +67 +68 +69 +70 +71 +72 +73 +74 +75 +76 +77 +78 +79 +80 +81 +82 +83 +84 +85 +86 +87 +88 +89 +90 +91 +92 +93 +94 +95 +96 +97 +98 +99 +100 +101 +102 +103 +104 -115 -109 +124 +112 +120 -105 -122 +113 +119 +123 -121 +111 -117 +106 +108 +116 +118 +107 +110 +114)
(+1 +2 +3 +4 +5 +6 +7 +8 +9 +10 +11 +12 +13 +14 +15 +16 +17 +18 +19 +20 +21 +22 +23 +24 +25 +26 +27 +28 +29 +30 +31 +32 +33 +34 +35 +36 +37 +38 +39 +40 +41 +42 +43 +44 +45 +46 +47 +48 +49 +50 +51 +52 +53 +54 +55 +56 +57 +58 +59 +60 +61 +62 +63 +64 +65 +66 +67 +68 +69 +70 +71 +72 +73 +74 +75 +76 +77 +78 +79 +80 +81 +82 +83 +84 +85 +86 +87 +88 +89 +90 +91 +92 +93 +94 +95 +96 +97 +98 +99 +100 +101 +102 +103 +104 +105 -120 -112 -124 +109 +115 -122 +113 +119 +123 -121 +111 -117 +106 +108 +116 +118 +107 +110 +114)
(+1 +2 +3 +4 +5 +6 +7 +8 +9 +10 +11 +12 +13 +14 +15 +16 +17 +18 +19 +20 +21 +22 +23 +24 +25 +26 +27 +28 +29 +30 +31 +32 +33 +34 +35 +36 +37 +38 +39 +40 +41 +42 +43 +44 +45 +46 +47 +48 +49 +50 +51 +52 +53 +54 +55 +56 +57 +58 +59 +60 +61 +62 +63 +64 +65 +66 +67 +68 +69 +70 +71 +72 +73 +74 +75 +76 +77 +78 +79 +80 +81 +82 +83 +84 +85 +86 +87 +88 +89 +90 +91 +92 +93 +94 +95 +96 +97 +98 +99 +100 +101 +102 +103 +104 +105 -106 +117 -111 +121 -123 -119 -113 +122 -115 -109 +124 +112 +120 +108 +116 +118 +107 +110 +114)
(+1 +2 +3 +4 +5 +6 +7 +8 +9 +10 +11 +12 +13 +14 +15 +16 +17 +18 +19 +20 +21 +22 +23 +24 +25 +26 +27 +28 +29 +30 +31 +32 +33 +34 +35 +36 +37 +38 +39 +40 +41 +42 +43 +44 +45 +46 +47 +48 +49 +50 +51 +52 +53 +54 +55 +56 +57 +58 +59 +60 +61 +62 +63 +64 +65 +66 +67 +68 +69 +70 +71 +72 +73 +74 +75 +76 +77 +78 +79 +80 +81 +82 +83 +84 +85 +86 +87 +88 +89 +90 +91 +92 +93 +94 +95 +96 +97 +98 +99 +100 +101 +102 +103 +104 +105 +106 +117 -111 +121 -123 -119 -113 +122 -115 -109 +124 +112 +120 +108 +116 +118 +107 +110 +114)
(+1 +2 +3 +4 +5 +6 +7 +8 +9 +10 +11 +12 +13 +14 +15 +16 +17 +18 +19 +20 +21 +22 +23 +24 +25 +26 +27 +28 +29 +30 +31 +32 +33 +34 +35 +36 +37 +38 +39 +40 +41 +42 +43 +44 +45 +46 +47 +48 +49 +50 +51 +52 +53 +54 +55 +56 +57 +58 +59 +60 +61 +62 +63 +64 +65 +66 +67 +68 +69 +70 +71 +72 +73 +74 +75 +76 +77 +78 +79 +80 +81 +82 +83 +84 +85 +86 +87 +88 +89 +90 +91 +92 +93 +94 +95 +96 +97 +98 +99 +100 +101 +102 +103 +104 +105 +106 -107 -118 -116 -108 -120 -112 -124 +109 +115 -122 +113 +119 +123 -121 +111 -117 +110 +114)
(+1 +2 +3 +4 +5 +6 +7 +8 +9 +10 +11 +12 +13 +14 +15 +16 +17 +18 +19 +20 +21 +22 +23 +24 +25 +26 +27 +28 +29 +30 +31 +32 +33 +34 +35 +36 +37 +38 +39 +40 +41 +42 +43 +44 +45 +46 +47 +48 +49 +50 +51 +52 +53 +54 +55 +56 +57 +58 +59 +60 +61 +62 +63 +64 +65 +66 +67 +68 +69 +70 +71 +72 +73 +74 +75 +76 +77 +78 +79 +80 +81 +82 +83 +84 +85 +86 +87 +88 +89 +90 +91 +92 +93 +94 +95 +96 +97 +98 +99 +100 +101 +102 +103 +104 +105 +106 +107 -118 -116 -108 -120 -112 -124 +109 +115 -122 +113 +119 +123 -121 +111 -117 +110 +114)
(+1 +2 +3 +4 +5 +6 +7 +8 +9 +10 +11 +12 +13 +14 +15 +16 +17 +18 +19 +20 +21 +22 +23 +24 +25 +26 +27 +28 +29 +30 +31 +32 +33 +34 +35 +36 +37 +38 +39 +40 +41 +42 +43 +44 +45 +46 +47 +48 +49 +50 +51 +52 +53 +54 +55 +56 +57 +58 +59 +60 +61 +62 +63 +64 +65 +66 +67 +68 +69 +70 +71 +72 +73 +74 +75 +76 +77 +78 +79 +80 +81 +82 +83 +84 +85 +86 +87 +88 +89 +90 +91 +92 +93 +94 +95 +96 +97 +98 +99 +100 +101 +102 +103 +104 +105 +106 +107 +108 +116 +118 -120 -112 -124 +109 +115 -122 +113 +119 +123 -121 +111 -117 +110 +114)
(+1 +2 +3 +4 +5 +6 +7 +8 +9 +10 +11 +12 +13 +14 +15 +16 +17 +18 +19 +20 +21 +22 +23 +24 +25 +26 +27 +28 +29 +30 +31 +32 +33 +34 +35 +36 +37 +38 +39 +40 +41 +42 +43 +44 +45 +46 +47 +48 +49 +50 +51 +52 +53 +54 +55 +56 +57 +58 +59 +60 +61 +62 +63 +64 +65 +66 +67 +68 +69 +70 +71 +72 +73 +74 +75 +76 +77 +78 +79 +80 +81 +82 +83 +84 +85 +86 +87 +88 +89 +90 +91 +92 +93 +94 +95 +96 +97 +98 +99 +100 +101 +102 +103 +104 +105 +106 +107 +108 -109 +124 +112 +120 -118 -116 +115 -122 +113 +119 +123 -121 +111 -117 +110 +114)
(+1 +2 +3 +4 +5 +6 +7 +8 +9 +10 +11 +12 +13 +14 +15 +16 +17 +18 +19 +20 +21 +22 +23 +24 +25 +26 +27 +28 +29 +30 +31 +32 +33 +34 +35 +36 +37 +38 +39 +40 +41 +42 +43 +44 +45 +46 +47 +48 +49 +50 +51 +52 +53 +54 +55 +56 +57 +58 +59 +60 +61 +62 +63 +64 +65 +66 +67 +68 +69 +70 +71 +72 +73 +74 +75 +76 +77 +78 +79 +80 +81 +82 +83 +84 +85 +86 +87 +88 +89 +90 +91 +92 +93 +94 +95 +96 +97 +98 +99 +100 +101 +102 +103 +104 +105 +106 +107 +108 +109 +124 +112 +120 -118 -116 +115 -122 +113 +119 +123 -121 +111 -117 +110 +114)
(+1 +2 +3 +4 +5 +6 +7 +8 +9 +10 +11 +12 +13 +14 +15 +16 +17 +18 +19 +20 +21 +22 +23 +24 +25 +26 +27 +28 +29 +30 +31 +32 +33 +34 +35 +36 +37 +38 +39 +40 +41 +42 +43 +44 +45 +46 +47 +48 +49 +50 +51 +52 +53 +54 +55 +56 +57 +58 +59 +60 +61 +62 +63 +64 +65 +66 +67 +68 +69 +70 +71 +72 +73 +74 +75 +76 +77 +78 +79 +80 +81 +82 +83 +84 +85 +86 +87 +88 +89 +90 +91 +92 +93 +94 +95 +96 +97 +98 +99 +100 +101 +102 +103 +104 +105 +106 +107 +108 +109 -110 +117 -111 +121 -123 -119 -113 +122 -115 +116 +118 -120 -112 -124 +114)
(+1 +2 +3 +4 +5 +6 +7 +8 +9 +10 +11 +12 +13 +14 +15 +16 +17 +18 +19 +20 +21 +22 +23 +24 +25 +26 +27 +28 +29 +30 +31 +32 +33 +34 +35 +36 +37 +38 +39 +40 +41 +42 +43 +44 +45 +46 +47 +48 +49 +50 +51 +52 +53 +54 +55 +56 +57 +58 +59 +60 +61 +62 +63 +64 +65 +66 +67 +68 +69 +70 +71 +72 +73 +74 +75 +76 +77 +78 +79 +80 +81 +82 +83 +84 +85 +86 +87 +88 +89 +90 +91 +92 +93 +94 +95 +96 +97 +98 +99 +100 +101 +102 +103 +104 +105 +106 +107 +108 +109 +110 +117 -111 +121 -123 -119 -113 +122 -115 +116 +118 -120 -112 -124 +114)
(+1 +2 +3 +4 +5 +6 +7 +8 +9 +10 +11 +12 +13 +14 +15 +16 +17 +18 +19 +20 +21 +22 +23 +24 +25 +26 +27 +28 +29 +30 +31 +32 +33 +34 +35 +36 +37 +38 +39 +40 +41 +42 +43 +44 +45 +46 +47 +48 +49 +50 +51 +52 +53 +54 +55 +56 +57 +58 +59 +60 +61 +62 +63 +64 +65 +66 +67 +68 +69 +70 +71 +72 +73 +74 +75 +76 +77 +78 +79 +80 +81 +82 +83 +84 +85 +86 +87 +88 +89 +90 +91 +92 +93 +94 +95 +96 +97 +98 +99 +100 +101 +102 +103 +104 +105 +106 +107 +108 +109 +110 +111 -117 +121 -123 -119 -113 +122 -115 +116 +118 -120 -112 -124 +114)
(+1 +2 +3 +4 +5 +6 +7 +8 +9 +10 +11 +12 +13 +14 +15 +16 +17 +18 +19 +20 +21 +22 +23 +24 +25 +26 +27 +28 +29 +30 +31 +32 +33 +34 +35 +36 +37 +38 +39 +40 +41 +42 +43 +44 +45 +46 +47 +48 +49 +50 +51 +52 +53 +54 +55 +56 +57 +58 +59 +60 +61 +62 +63 +64 +65 +66 +67 +68 +69 +70 +71 +72 +73 +74 +75 +76 +77 +78 +79 +80 +81 +82 +83 +84 +85 +86 +87 +88 +89 +90 +91 +92 +93 +94 +95 +96 +97 +98 +99 +100 +101 +102 +103 +104 +105 +106 +107 +108 +109 +110 +111 +112 +120 -118 -116 +115 -122 +113 +119 +123 -121 +117 -124 +114)
(+1 +2 +3 +4 +5 +6 +7 +8 +9 +10 +11 +12 +13 +14 +15 +16 +17 +18 +19 +20 +21 +22 +23 +24 +25 +26 +27 +28 +29 +30 +31 +32 +33 +34 +35 +36 +37 +38 +39 +40 +41 +42 +43 +44 +45 +46 +47 +48 +49 +50 +51 +52 +53 +54 +55 +56 +57 +58 +59 +60 +61 +62 +63 +64 +65 +66 +67 +68 +69 +70 +71 +72 +73 +74 +75 +76 +77 +78 +79 +80 +81 +82 +83 +84 +85 +86 +87 +88 +89 +90 +91 +92 +93 +94 +95 +96 +97 +98 +99 +100 +101 +102 +103 +104 +105 +106 +107 +108 +109 +110 +111 +112 -113 +122 -115 +116 +118 -120 +119 +123 -121 +117 -124 +114)
(+1 +2 +3 +4 +5 +6 +7 +8 +9 +10 +11 +12 +13 +14 +15 +16 +17 +18 +19 +20 +21 +22 +23 +24 +25 +26 +27 +28 +29 +30 +31 +32 +33 +34 +35 +36 +37 +38 +39 +40 +41 +42 +43 +44 +45 +46 +47 +48 +49 +50 +51 +52 +53 +54 +55 +56 +57 +58 +59 +60 +61 +62 +63 +64 +65 +66 +67 +68 +69 +70 +71 +72 +73 +74 +75 +76 +77 +78 +79 +80 +81 +82 +83 +84 +85 +86 +87 +88 +89 +90 +91 +92 +93 +94 +95 +96 +97 +98 +99 +100 +101 +102 +103 +104 +105 +106 +107 +108 +109 +110 +111 +112 +113 +122 -115 +116 +118 -120 +119 +123 -121 +117 -124 +114)
(+1 +2 +3 +4 +5 +6 +7 +8 +9 +10 +11 +12 +13 +14 +15 +16 +17 +18 +19 +20 +21 +22 +23 +24 +25 +26 +27 +28 +29 +30 +31 +32 +33 +34 +35 +36 +37 +38 +39 +40 +41 +42 +43 +44 +45 +46 +47 +48 +49 +50 +51 +52 +53 +54 +55 +56 +57 +58 +59 +60 +61 +62 +63 +64 +65 +66 +67 +68 +69 +70 +71 +72 +73 +74 +75 +76 +77 +78 +79 +80 +81 +82 +83 +84 +85 +86 +87 +88 +89 +90 +91 +92 +93 +94 +95 +96 +97 +98 +99 +100 +101 +102 +103 +104 +105 +106 +107 +108 +109 +110 +111 +112 +113 -114 +124 -117 +121 -123 -119 +120 -118 -116 +115 -122)
(+1 +2 +3 +4 +5 +6 +7 +8 +9 +10 +11 +12 +13 +14 +15 +16 +17 +18 +19 +20 +21 +22 +23 +24 +25 +26 +27 +28 +29 +30 +31 +32 +33 +34 +35 +36 +37 +38 +39 +40 +41 +42 +43 +44 +45 +46 +47 +48 +49 +50 +51 +52 +53 +54 +55 +56 +57 +58 +59 +60 +61 +62 +63 +64 +65 +66 +67 +68 +69 +70 +71 +72 +73 +74 +75 +76 +77 +78 +79 +80 +81 +82 +83 +84 +85 +86 +87 +88 +89 +90 +91 +92 +93 +94 +95 +96 +97 +98 +99 +100 +101 +102 +103 +104 +105 +106 +107 +108 +109 +110 +111 +112 +113 +114 +124 -117 +121 -123 -119 +120 -118 -116 +115 -122)
(+1 +2 +3 +4 +5 +6 +7 +8 +9 +10 +11 +12 +13 +14 +15 +16 +17 +18 +19 +20 +21 +22 +23 +24 +25 +26 +27 +28 +29 +30 +31 +32 +33 +34 +35 +36 +37 +38 +39 +40 +41 +42 +43 +44 +45 +46 +47 +48 +49 +50 +51 +52 +53 +54 +55 +56 +57 +58 +59 +60 +61 +62 +63 +64 +65 +66 +67 +68 +69 +70 +71 +72 +73 +74 +75 +76 +77 +78 +79 +80 +81 +82 +83 +84 +85 +86 +87 +88 +89 +90 +91 +92 +93 +94 +95 +96 +97 +98 +99 +100 +101 +102 +103 +104 +105 +106 +107 +108 +109 +110 +111 +112 +113 +114 -115 +116 +118 -120 +119 +123 -121 +117 -124 -122)
(+1 +2 +3 +4 +5 +6 +7 +8 +9 +10 +11 +12 +13 +14 +15 +16 +17 +18 +19 +20 +21 +22 +23 +24 +25 +26 +27 +28 +29 +30 +31 +32 +33 +34 +35 +36 +37 +38 +39 +40 +41 +42 +43 +44 +45 +46 +47 +48 +49 +50 +51 +52 +53 +54 +55 +56 +57 +58 +59 +60 +61 +62 +63 +64 +65 +66 +67 +68 +69 +70 +71 +72 +73 +74 +75 +76 +77 +78 +79 +80 +81 +82 +83 +84 +85 +86 +87 +88 +89 +90 +91 +92 +93 +94 +95 +96 +97 +98 +99 +100 +101 +102 +103 +104 +105 +106 +107 +108 +109 +110 +111 +112 +113 +114 +115 +116 +118 -120 +119 +123 -121 +117 -124 -122)
(+1 +2 +3 +4 +5 +6 +7 +8 +9 +10 +11 +12 +13 +14 +15 +16 +17 +18 +19 +20 +21 +22 +23 +24 +25 +26 +27 +28 +29 +30 +31 +32 +33 +34 +35 +36 +37 +38 +39 +40 +41 +42 +43 +44 +45 +46 +47 +48 +49 +50 +51 +52 +53 +54 +55 +56 +57 +58 +59 +60 +61 +62 +63 +64 +65 +66 +67 +68 +69 +70 +71 +72 +73 +74 +75 +76 +77 +78 +79 +80 +81 +82 +83 +84 +85 +86 +87 +88 +89 +90 +91 +92 +93 +94 +95 +96 +97 +98 +99 +100 +101 +102 +103 +104 +105 +106 +107 +108 +109 +110 +111 +112 +113 +114 +115 +116 -117 +121 -123 -119 +120 -118 -124 -122)
(+1 +2 +3 +4 +5 +6 +7 +8 +9 +10 +11 +12 +13 +14 +15 +16 +17 +18 +19 +20 +21 +22 +23 +24 +25 +26 +27 +28 +29 +30 +31 +32 +33 +34 +35 +36 +37 +38 +39 +40 +41 +42 +43 +44 +45 +46 +47 +48 +49 +50 +51 +52 +53 +54 +55 +56 +57 +58 +59 +60 +61 +62 +63 +64 +65 +66 +67 +68 +69 +70 +71 +72 +73 +74 +75 +76 +77 +78 +79 +80 +81 +82 +83 +84 +85 +86 +87 +88 +89 +90 +91 +92 +93 +94 +95 +96 +97 +98 +99 +100 +101 +102 +103 +104 +105 +106 +107 +108 +109 +110 +111 +112 +113 +114 +115 +116 +117 +121 -123 -119 +120 -118 -124 -122)
(+1 +2 +3 +4 +5 +6 +7 +8 +9 +10 +11 +12 +13 +14 +15 +16 +17 +18 +19 +20 +21 +22 +23 +24 +25 +26 +27 +28 +29 +30 +31 +32 +33 +34 +35 +36 +37 +38 +39 +40 +41 +42 +43 +44 +45 +46 +47 +48 +49 +50 +51 +52 +53 +54 +55 +56 +57 +58 +59 +60 +61 +62 +63 +64 +65 +66 +67 +68 +69 +70 +71 +72 +73 +74 +75 +76 +77 +78 +79 +80 +81 +82 +83 +84 +85 +86 +87 +88 +89 +90 +91 +92 +93 +94 +95 +96 +97 +98 +99 +100 +101 +102 +103 +104 +105 +106 +107 +108 +109 +110 +111 +112 +113 +114 +115 +116 +117 +118 -120 +119 +123 -121 -124 -122)
(+1 +2 +3 +4 +5 +6 +7 +8 +9 +10 +11 +12 +13 +14 +15 +16 +17 +18 +19 +20 +21 +22 +23 +24 +25 +26 +27 +28 +29 +30 +31 +32 +33 +34 +35 +36 +37 +38 +39 +40 +41 +42 +43 +44 +45 +46 +47 +48 +49 +50 +51 +52 +53 +54 +55 +56 +57 +58 +59 +60 +61 +62 +63 +64 +65 +66 +67 +68 +69 +70 +71 +72 +73 +74 +75 +76 +77 +78 +79 +80 +81 +82 +83 +84 +85 +86 +87 +88 +89 +90 +91 +92 +93 +94 +95 +96 +97 +98 +99 +100 +101 +102 +103 +104 +105 +106 +107 +108 +109 +110 +111 +112 +113 +114 +115 +116 +117 +118 -119 +120 +123 -121 -124 -122)
(+1 +2 +3 +4 +5 +6 +7 +8 +9 +10 +11 +12 +13 +14 +15 +16 +17 +18 +19 +20 +21 +22 +23 +24 +25 +26 +27 +28 +29 +30 +31 +32 +33 +34 +35 +36 +37 +38 +39 +40 +41 +42 +43 +44 +45 +46 +47 +48 +49 +50 +51 +52 +53 +54 +55 +56 +57 +58 +59 +60 +61 +62 +63 +64 +65 +66 +67 +68 +69 +70 +71 +72 +73 +74 +75 +76 +77 +78 +79 +80 +81 +82 +83 +84 +85 +86 +87 +88 +89 +90 +91 +92 +93 +94 +95 +96 +97 +98 +99 +100 +101 +102 +103 +104 +105 +106 +107 +108 +109 +110 +111 +112 +113 +114 +115 +116 +117 +118 +119 +120 +123 -121 -124 -122)
(+1 +2 +3 +4 +5 +6 +7 +8 +9 +10 +11 +12 +13 +14 +15 +16 +17 +18 +19 +20 +21 +22 +23 +24 +25 +26 +27 +28 +29 +30 +31 +32 +33 +34 +35 +36 +37 +38 +39 +40 +41 +42 +43 +44 +45 +46 +47 +48 +49 +50 +51 +52 +53 +54 +55 +56 +57 +58 +59 +60 +61 +62 +63 +64 +65 +66 +67 +68 +69 +70 +71 +72 +73 +74 +75 +76 +77 +78 +79 +80 +81 +82 +83 +84 +85 +86 +87 +88 +89 +90 +91 +92 +93 +94 +95 +96 +97 +98 +99 +100 +101 +102 +103 +104 +105 +106 +107 +108 +109 +110 +111 +112 +113 +114 +115 +116 +117 +118 +119 +120 +121 -123 -124 -122)
(+1 +2 +3 +4 +5 +6 +7 +8 +9 +10 +11 +12 +13 +14 +15 +16 +17 +18 +19 +20 +21 +22 +23 +24 +25 +26 +27 +28 +29 +30 +31 +32 +33 +34 +35 +36 +37 +38 +39 +40 +41 +42 +43 +44 +45 +46 +47 +48 +49 +50 +51 +52 +53 +54 +55 +56 +57 +58 +59 +60 +61 +62 +63 +64 +65 +66 +67 +68 +69 +70 +71 +72 +73 +74 +75 +76 +77 +78 +79 +80 +81 +82 +83 +84 +85 +86 +87 +88 +89 +90 +91 +92 +93 +94 +95 +96 +97 +98 +99 +100 +101 +102 +103 +104 +105 +106 +107 +108 +109 +110 +111 +112 +113 +114 +115 +116 +117 +118 +119 +120 +121 +122 +124 +123)
(+1 +2 +3 +4 +5 +6 +7 +8 +9 +10 +11 +12 +13 +14 +15 +16 +17 +18 +19 +20 +21 +22 +23 +24 +25 +26 +27 +28 +29 +30 +31 +32 +33 +34 +35 +36 +37 +38 +39 +40 +41 +42 +43 +44 +45 +46 +47 +48 +49 +50 +51 +52 +53 +54 +55 +56 +57 +58 +59 +60 +61 +62 +63 +64 +65 +66 +67 +68 +69 +70 +71 +72 +73 +74 +75 +76 +77 +78 +79 +80 +81 +82 +83 +84 +85 +86 +87 +88 +89 +90 +91 +92 +93 +94 +95 +96 +97 +98 +99 +100 +101 +102 +103 +104 +105 +106 +107 +108 +109 +110 +111 +112 +113 +114 +115 +116 +117 +118 +119 +120 +121 +122 -123 -124)
(+1 +2 +3 +4 +5 +6 +7 +8 +9 +10 +11 +12 +13 +14 +15 +16 +17 +18 +19 +20 +21 +22 +23 +24 +25 +26 +27 +28 +29 +30 +31 +32 +33 +34 +35 +36 +37 +38 +39 +40 +41 +42 +43 +44 +45 +46 +47 +48 +49 +50 +51 +52 +53 +54 +55 +56 +57 +58 +59 +60 +61 +62 +63 +64 +65 +66 +67 +68 +69 +70 +71 +72 +73 +74 +75 +76 +77 +78 +79 +80 +81 +82 +83 +84 +85 +86 +87 +88 +89 +90 +91 +92 +93 +94 +95 +96 +97 +98 +99 +100 +101 +102 +103 +104 +105 +106 +107 +108 +109 +110 +111 +112 +113 +114 +115 +116 +117 +118 +119 +120 +121 +122 +123 -124)
(+1 +2 +3 +4 +5 +6 +7 +8 +9 +10 +11 +12 +13 +14 +15 +16 +17 +18 +19 +20 +21 +22 +23 +24 +25 +26 +27 +28 +29 +30 +31 +32 +33 +34 +35 +36 +37 +38 +39 +40 +41 +42 +43 +44 +45 +46 +47 +48 +49 +50 +51 +52 +53 +54 +55 +56 +57 +58 +59 +60 +61 +62 +63 +64 +65 +66 +67 +68 +69 +70 +71 +72 +73 +74 +75 +76 +77 +78 +79 +80 +81 +82 +83 +84 +85 +86 +87 +88 +89 +90 +91 +92 +93 +94 +95 +96 +97 +98 +99 +100 +101 +102 +103 +104 +105 +106 +107 +108 +109 +110 +111 +112 +113 +114 +115 +116 +117 +118 +119 +120 +121 +122 +123 +124)